,MidTime,TimeCorr,CadenceNo,Quality,ExpTime,Sector,Camera,Quat_Start,Quat_Stop,Quat_MIN_FOM,Quat_MIN_NUM_GSUSED,Quat_NBinned,Quat1_Med,Quat1_StdDev,Quat1_SigClip,Quat2_Med,Quat2_StdDev,Quat2_SigClip,Quat3_Med,Quat3_StdDev,Quat3_SigClip,Quat4_Med,Quat4_StdDev,Quat4_SigClip
0,1410.9276384469604,0.0004709007334895432,0.0,0.0,long,4,4240,1410.9172303776402,1410.9380405577285,236.0,199.0,900.0,-2.41280729727786e-05,2.1997270963786605e-06,2.1409340244626747e-06,1.594974793453325e-05,1.9514668488311433e-06,1.910609143041548e-06,9.34431776972825e-06,1.5205296223314734e-06,1.445214156857271e-06,0.9999999995372364,7.00664760848859e-11,6.910653201428688e-11
1,1410.9484717717958,0.00047119075316004455,1.0,0.0,long,4,4240,1410.8996725115705,1410.9204711175876,236.0,198.0,900.0,-2.411181197599755e-05,4.814571338175589e-06,1.9319362309533847e-06,1.585961366324475e-05,4.0308387496445144e-06,1.7306957624412107e-06,9.420500524897855e-06,1.9605282119285993e-06,1.4708518008997447e-06,0.9999999995373805,2.423472120201277e-10,5.954579174146963e-11
2,1410.9693050966307,0.0004714817041531205,2.0,128.0,long,4,4240,1410.9101007497559,1410.9309109298442,236.0,199.0,900.0,-2.406976521680165e-05,1.9576657851868447e-06,1.9089392547921934e-06,1.5925102365757202e-05,1.7515216453317586e-06,1.7087294900933029e-06,9.36633515876314e-06,1.4462666354334045e-06,1.4122608192748657e-06,0.999999999538033,6.191608735421727e-11,5.901582654574447e-11
3,1410.9901384214654,0.0004717735864687711,3.0,128.0,long,4,4240,1410.9101007497559,1410.9309109298442,236.0,199.0,900.0,-2.406976521680165e-05,1.9576657851868447e-06,1.9089392547921934e-06,1.5925102365757202e-05,1.7515216453317586e-06,1.7087294900933029e-06,9.36633515876314e-06,1.4462666354334045e-06,1.4122608192748657e-06,0.999999999538033,6.191608735421727e-11,5.901582654574447e-11
4,1411.010971746301,0.0004720663418993354,4.0,0.0,long,4,4240,1410.9101007497559,1410.9309109298442,236.0,199.0,900.0,-2.406976521680165e-05,1.9576657851868447e-06,1.9089392547921934e-06,1.5925102365757202e-05,1.7515216453317586e-06,1.7087294900933029e-06,9.36633515876314e-06,1.4462666354334045e-06,1.4122608192748657e-06,0.999999999538033,6.191608735421727e-11,5.901582654574447e-11
5,1411.0318050711367,0.0004723599413409829,5.0,0.0,long,4,4240,1410.9101007497559,1410.9309109298442,236.0,199.0,900.0,-2.406976521680165e-05,1.9576657851868447e-06,1.9089392547921934e-06,1.5925102365757202e-05,1.7515216453317586e-06,1.7087294900933029e-06,9.36633515876314e-06,1.4462666354334045e-06,1.4122608192748657e-06,0.999999999538033,6.191608735421727e-11,5.901582654574447e-11
6,1411.0526383959714,0.00047265435568988323,6.0,0.0,long,4,4240,1410.9101007497559,1410.9309109298442,236.0,199.0,900.0,-2.406976521680165e-05,1.9576657851868447e-06,1.9089392547921934e-06,1.5925102365757202e-05,1.7515216453317586e-06,1.7087294900933029e-06,9.36633515876314e-06,1.4462666354334045e-06,1.4122608192748657e-06,0.999999999538033,6.191608735421727e-11,5.901582654574447e-11
7,1411.0734717208063,0.0004729495267383754,7.0,0.0,long,4,4240,1410.9101007497559,1410.9309109298442,236.0,199.0,900.0,-2.406976521680165e-05,1.9576657851868447e-06,1.9089392547921934e-06,1.5925102365757202e-05,1.7515216453317586e-06,1.7087294900933029e-06,9.36633515876314e-06,1.4462666354334045e-06,1.4122608192748657e-06,0.999999999538033,6.191608735421727e-11,5.901582654574447e-11
8,1411.0943050456403,0.0004732454544864595,8.0,0.0,long,4,4240,1410.9101007497559,1410.9309109298442,236.0,199.0,900.0,-2.406976521680165e-05,1.9576657851868447e-06,1.9089392547921934e-06,1.5925102365757202e-05,1.7515216453317586e-06,1.7087294900933029e-06,9.36633515876314e-06,1.4462666354334045e-06,1.4122608192748657e-06,0.999999999538033,6.191608735421727e-11,5.901582654574447e-11
9,1411.115138370476,0.0004735420807264745,9.0,0.0,long,4,4240,1410.9101007497559,1410.9309109298442,236.0,199.0,900.0,-2.406976521680165e-05,1.9576657851868447e-06,1.9089392547921934e-06,1.5925102365757202e-05,1.7515216453317586e-06,1.7087294900933029e-06,9.36633515876314e-06,1.4462666354334045e-06,1.4122608192748657e-06,0.999999999538033,6.191608735421727e-11,5.901582654574447e-11
10,1411.1359716953107,0.00047383937635459006,10.0,0.0,long,4,4240,1410.9101007497559,1410.9309109298442,236.0,199.0,900.0,-2.406976521680165e-05,1.9576657851868447e-06,1.9089392547921934e-06,1.5925102365757202e-05,1.7515216453317586e-06,1.7087294900933029e-06,9.36633515876314e-06,1.4462666354334045e-06,1.4122608192748657e-06,0.999999999538033,6.191608735421727e-11,5.901582654574447e-11
11,1411.1568050201467,0.0004741373413708061,11.0,0.0,long,4,4240,1410.9101007497559,1410.9309109298442,236.0,199.0,900.0,-2.406976521680165e-05,1.9576657851868447e-06,1.9089392547921934e-06,1.5925102365757202e-05,1.7515216453317586e-06,1.7087294900933029e-06,9.36633515876314e-06,1.4462666354334045e-06,1.4122608192748657e-06,0.999999999538033,6.191608735421727e-11,5.901582654574447e-11
12,1411.1776383449815,0.0004744359466712922,12.0,0.0,long,4,4240,1410.9101007497559,1410.9309109298442,236.0,199.0,900.0,-2.406976521680165e-05,1.9576657851868447e-06,1.9089392547921934e-06,1.5925102365757202e-05,1.7515216453317586e-06,1.7087294900933029e-06,9.36633515876314e-06,1.4462666354334045e-06,1.4122608192748657e-06,0.999999999538033,6.191608735421727e-11,5.901582654574447e-11
13,1411.1984716698162,0.00047473510494455695,13.0,0.0,long,4,4240,1410.9101007497559,1410.9309109298442,236.0,199.0,900.0,-2.406976521680165e-05,1.9576657851868447e-06,1.9089392547921934e-06,1.5925102365757202e-05,1.7515216453317586e-06,1.7087294900933029e-06,9.36633515876314e-06,1.4462666354334045e-06,1.4122608192748657e-06,0.999999999538033,6.191608735421727e-11,5.901582654574447e-11
14,1411.2193049946507,0.0004750348743982613,14.0,0.0,long,4,4240,1410.9101007497559,1410.9309109298442,236.0,199.0,900.0,-2.406976521680165e-05,1.9576657851868447e-06,1.9089392547921934e-06,1.5925102365757202e-05,1.7515216453317586e-06,1.7087294900933029e-06,9.36633515876314e-06,1.4462666354334045e-06,1.4122608192748657e-06,0.999999999538033,6.191608735421727e-11,5.901582654574447e-11
15,1411.2401383194863,0.0004753351677209139,15.0,0.0,long,4,4240,1410.9101007497559,1410.9309109298442,236.0,199.0,900.0,-2.406976521680165e-05,1.9576657851868447e-06,1.9089392547921934e-06,1.5925102365757202e-05,1.7515216453317586e-06,1.7087294900933029e-06,9.36633515876314e-06,1.4462666354334045e-06,1.4122608192748657e-06,0.999999999538033,6.191608735421727e-11,5.901582654574447e-11
16,1411.2609716443217,0.0004756359849125147,16.0,0.0,long,4,4240,1410.9101007497559,1410.9309109298442,236.0,199.0,900.0,-2.406976521680165e-05,1.9576657851868447e-06,1.9089392547921934e-06,1.5925102365757202e-05,1.7515216453317586e-06,1.7087294900933029e-06,9.36633515876314e-06,1.4462666354334045e-06,1.4122608192748657e-06,0.999999999538033,6.191608735421727e-11,5.901582654574447e-11
17,1411.2818049691566,0.00047593729686923325,17.0,0.0,long,4,4240,1410.9101007497559,1410.9309109298442,236.0,199.0,900.0,-2.406976521680165e-05,1.9576657851868447e-06,1.9089392547921934e-06,1.5925102365757202e-05,1.7515216453317586e-06,1.7087294900933029e-06,9.36633515876314e-06,1.4462666354334045e-06,1.4122608192748657e-06,0.999999999538033,6.191608735421727e-11,5.901582654574447e-11
18,1411.3026382939915,0.0004762391035910696,18.0,0.0,long,4,4240,1410.9101007497559,1410.9309109298442,236.0,199.0,900.0,-2.406976521680165e-05,1.9576657851868447e-06,1.9089392547921934e-06,1.5925102365757202e-05,1.7515216453317586e-06,1.7087294900933029e-06,9.36633515876314e-06,1.4462666354334045e-06,1.4122608192748657e-06,0.999999999538033,6.191608735421727e-11,5.901582654574447e-11
19,1411.3234716188267,0.00047654134687036276,19.0,0.0,long,4,4240,1410.9101007497559,1410.9309109298442,236.0,199.0,900.0,-2.406976521680165e-05,1.9576657851868447e-06,1.9089392547921934e-06,1.5925102365757202e-05,1.7515216453317586e-06,1.7087294900933029e-06,9.36633515876314e-06,1.4462666354334045e-06,1.4122608192748657e-06,0.999999999538033,6.191608735421727e-11,5.901582654574447e-11
20,1411.3443049436623,0.00047684399760328233,20.0,0.0,long,4,4240,1410.9101007497559,1410.9309109298442,236.0,199.0,900.0,-2.406976521680165e-05,1.9576657851868447e-06,1.9089392547921934e-06,1.5925102365757202e-05,1.7515216453317586e-06,1.7087294900933029e-06,9.36633515876314e-06,1.4462666354334045e-06,1.4122608192748657e-06,0.999999999538033,6.191608735421727e-11,5.901582654574447e-11
21,1411.365138268497,0.00047714708489365876,21.0,0.0,long,4,4240,1410.9101007497559,1410.9309109298442,236.0,199.0,900.0,-2.406976521680165e-05,1.9576657851868447e-06,1.9089392547921934e-06,1.5925102365757202e-05,1.7515216453317586e-06,1.7087294900933029e-06,9.36633515876314e-06,1.4462666354334045e-06,1.4122608192748657e-06,0.999999999538033,6.191608735421727e-11,5.901582654574447e-11
22,1411.3859715933324,0.0004774505505338311,22.0,0.0,long,4,4240,1410.9101007497559,1410.9309109298442,236.0,199.0,900.0,-2.406976521680165e-05,1.9576657851868447e-06,1.9089392547921934e-06,1.5925102365757202e-05,1.7515216453317586e-06,1.7087294900933029e-06,9.36633515876314e-06,1.4462666354334045e-06,1.4122608192748657e-06,0.999999999538033,6.191608735421727e-11,5.901582654574447e-11
23,1411.4068049181674,0.0004777543945237994,23.0,0.0,long,4,4240,1410.9101007497559,1410.9309109298442,236.0,199.0,900.0,-2.406976521680165e-05,1.9576657851868447e-06,1.9089392547921934e-06,1.5925102365757202e-05,1.7515216453317586e-06,1.7087294900933029e-06,9.36633515876314e-06,1.4462666354334045e-06,1.4122608192748657e-06,0.999999999538033,6.191608735421727e-11,5.901582654574447e-11
24,1411.427638243002,0.0004780585877597332,24.0,0.0,long,4,4240,1410.9101007497559,1410.9309109298442,236.0,199.0,900.0,-2.406976521680165e-05,1.9576657851868447e-06,1.9089392547921934e-06,1.5925102365757202e-05,1.7515216453317586e-06,1.7087294900933029e-06,9.36633515876314e-06,1.4462666354334045e-06,1.4122608192748657e-06,0.999999999538033,6.191608735421727e-11,5.901582654574447e-11
25,1411.4484715678377,0.00047836313024163246,25.0,0.0,long,4,4240,1410.9101007497559,1410.9309109298442,236.0,199.0,900.0,-2.406976521680165e-05,1.9576657851868447e-06,1.9089392547921934e-06,1.5925102365757202e-05,1.7515216453317586e-06,1.7087294900933029e-06,9.36633515876314e-06,1.4462666354334045e-06,1.4122608192748657e-06,0.999999999538033,6.191608735421727e-11,5.901582654574447e-11
26,1411.4693048926729,0.0004786679637618363,26.0,0.0,long,4,4240,1410.9101007497559,1410.9309109298442,236.0,199.0,900.0,-2.406976521680165e-05,1.9576657851868447e-06,1.9089392547921934e-06,1.5925102365757202e-05,1.7515216453317586e-06,1.7087294900933029e-06,9.36633515876314e-06,1.4462666354334045e-06,1.4122608192748657e-06,0.999999999538033,6.191608735421727e-11,5.901582654574447e-11
27,1411.4901382175076,0.00047897311742417514,27.0,0.0,long,4,4240,1410.9101007497559,1410.9309109298442,236.0,199.0,900.0,-2.406976521680165e-05,1.9576657851868447e-06,1.9089392547921934e-06,1.5925102365757202e-05,1.7515216453317586e-06,1.7087294900933029e-06,9.36633515876314e-06,1.4462666354334045e-06,1.4122608192748657e-06,0.999999999538033,6.191608735421727e-11,5.901582654574447e-11
28,1411.510971542343,0.0004792785330209881,28.0,0.0,long,4,4240,1410.9101007497559,1410.9309109298442,236.0,199.0,900.0,-2.406976521680165e-05,1.9576657851868447e-06,1.9089392547921934e-06,1.5925102365757202e-05,1.7515216453317586e-06,1.7087294900933029e-06,9.36633515876314e-06,1.4462666354334045e-06,1.4122608192748657e-06,0.999999999538033,6.191608735421727e-11,5.901582654574447e-11
29,1411.5318048671788,0.00047958423965610564,29.0,0.0,long,4,4240,1410.9101007497559,1410.9309109298442,236.0,199.0,900.0,-2.406976521680165e-05,1.9576657851868447e-06,1.9089392547921934e-06,1.5925102365757202e-05,1.7515216453317586e-06,1.7087294900933029e-06,9.36633515876314e-06,1.4462666354334045e-06,1.4122608192748657e-06,0.999999999538033,6.191608735421727e-11,5.901582654574447e-11
30,1411.5526381920138,0.0004798902082256973,30.0,0.0,long,4,4240,1410.9101007497559,1410.9309109298442,236.0,199.0,900.0,-2.406976521680165e-05,1.9576657851868447e-06,1.9089392547921934e-06,1.5925102365757202e-05,1.7515216453317586e-06,1.7087294900933029e-06,9.36633515876314e-06,1.4462666354334045e-06,1.4122608192748657e-06,0.999999999538033,6.191608735421727e-11,5.901582654574447e-11
31,1411.5734715168483,0.0004801963805221021,31.0,0.0,long,4,4240,1410.9101007497559,1410.9309109298442,236.0,199.0,900.0,-2.406976521680165e-05,1.9576657851868447e-06,1.9089392547921934e-06,1.5925102365757202e-05,1.7515216453317586e-06,1.7087294900933029e-06,9.36633515876314e-06,1.4462666354334045e-06,1.4122608192748657e-06,0.999999999538033,6.191608735421727e-11,5.901582654574447e-11
32,1411.5943048416843,0.00048050281475298107,32.0,0.0,long,4,4240,1410.9101007497559,1410.9309109298442,236.0,199.0,900.0,-2.406976521680165e-05,1.9576657851868447e-06,1.9089392547921934e-06,1.5925102365757202e-05,1.7515216453317586e-06,1.7087294900933029e-06,9.36633515876314e-06,1.4462666354334045e-06,1.4122608192748657e-06,0.999999999538033,6.191608735421727e-11,5.901582654574447e-11
33,1411.6151381665195,0.00048080942360684276,33.0,0.0,long,4,4240,1410.9101007497559,1410.9309109298442,236.0,199.0,900.0,-2.406976521680165e-05,1.9576657851868447e-06,1.9089392547921934e-06,1.5925102365757202e-05,1.7515216453317586e-06,1.7087294900933029e-06,9.36633515876314e-06,1.4462666354334045e-06,1.4122608192748657e-06,0.999999999538033,6.191608735421727e-11,5.901582654574447e-11
34,1411.6359714913547,0.0004811162652913481,34.0,0.0,long,4,4240,1410.9101007497559,1410.9309109298442,236.0,199.0,900.0,-2.406976521680165e-05,1.9576657851868447e-06,1.9089392547921934e-06,1.5925102365757202e-05,1.7515216453317586e-06,1.7087294900933029e-06,9.36633515876314e-06,1.4462666354334045e-06,1.4122608192748657e-06,0.999999999538033,6.191608735421727e-11,5.901582654574447e-11
35,1411.656804816189,0.0004814232815988362,35.0,0.0,long,4,4240,1410.9101007497559,1410.9309109298442,236.0,199.0,900.0,-2.406976521680165e-05,1.9576657851868447e-06,1.9089392547921934e-06,1.5925102365757202e-05,1.7515216453317586e-06,1.7087294900933029e-06,9.36633515876314e-06,1.4462666354334045e-06,1.4122608192748657e-06,0.999999999538033,6.191608735421727e-11,5.901582654574447e-11
36,1411.6776381410236,0.000481730472529307,36.0,0.0,long,4,4240,1410.9101007497559,1410.9309109298442,236.0,199.0,900.0,-2.406976521680165e-05,1.9576657851868447e-06,1.9089392547921934e-06,1.5925102365757202e-05,1.7515216453317586e-06,1.7087294900933029e-06,9.36633515876314e-06,1.4462666354334045e-06,1.4122608192748657e-06,0.999999999538033,6.191608735421727e-11,5.901582654574447e-11
37,1411.6984714658588,0.0004820378089789301,37.0,0.0,long,4,4240,1410.9101007497559,1410.9309109298442,236.0,199.0,900.0,-2.406976521680165e-05,1.9576657851868447e-06,1.9089392547921934e-06,1.5925102365757202e-05,1.7515216453317586e-06,1.7087294900933029e-06,9.36633515876314e-06,1.4462666354334045e-06,1.4122608192748657e-06,0.999999999538033,6.191608735421727e-11,5.901582654574447e-11
38,1411.7193047906949,0.00048234532005153596,38.0,0.0,long,4,4240,1410.9101007497559,1410.9309109298442,236.0,199.0,900.0,-2.406976521680165e-05,1.9576657851868447e-06,1.9089392547921934e-06,1.5925102365757202e-05,1.7515216453317586e-06,1.7087294900933029e-06,9.36633515876314e-06,1.4462666354334045e-06,1.4122608192748657e-06,0.999999999538033,6.191608735421727e-11,5.901582654574447e-11
39,1411.7401381155296,0.00048265294753946364,39.0,0.0,long,4,4240,1410.9101007497559,1410.9309109298442,236.0,199.0,900.0,-2.406976521680165e-05,1.9576657851868447e-06,1.9089392547921934e-06,1.5925102365757202e-05,1.7515216453317586e-06,1.7087294900933029e-06,9.36633515876314e-06,1.4462666354334045e-06,1.4122608192748657e-06,0.999999999538033,6.191608735421727e-11,5.901582654574447e-11
40,1411.7609714403643,0.0004829607205465436,40.0,0.0,long,4,4240,1410.9101007497559,1410.9309109298442,236.0,199.0,900.0,-2.406976521680165e-05,1.9576657851868447e-06,1.9089392547921934e-06,1.5925102365757202e-05,1.7515216453317586e-06,1.7087294900933029e-06,9.36633515876314e-06,1.4462666354334045e-06,1.4122608192748657e-06,0.999999999538033,6.191608735421727e-11,5.901582654574447e-11
41,1411.7818047652,0.0004832686099689454,41.0,0.0,long,4,4240,1410.9101007497559,1410.9309109298442,236.0,199.0,900.0,-2.406976521680165e-05,1.9576657851868447e-06,1.9089392547921934e-06,1.5925102365757202e-05,1.7515216453317586e-06,1.7087294900933029e-06,9.36633515876314e-06,1.4462666354334045e-06,1.4122608192748657e-06,0.999999999538033,6.191608735421727e-11,5.901582654574447e-11
42,1411.802638090035,0.000483576615806669,42.0,0.0,long,4,4240,1410.9101007497559,1410.9309109298442,236.0,199.0,900.0,-2.406976521680165e-05,1.9576657851868447e-06,1.9089392547921934e-06,1.5925102365757202e-05,1.7515216453317586e-06,1.7087294900933029e-06,9.36633515876314e-06,1.4462666354334045e-06,1.4122608192748657e-06,0.999999999538033,6.191608735421727e-11,5.901582654574447e-11
43,1411.82347141487,0.000483884708955884,43.0,0.0,long,4,4240,1410.9101007497559,1410.9309109298442,236.0,199.0,900.0,-2.406976521680165e-05,1.9576657851868447e-06,1.9089392547921934e-06,1.5925102365757202e-05,1.7515216453317586e-06,1.7087294900933029e-06,9.36633515876314e-06,1.4462666354334045e-06,1.4122608192748657e-06,0.999999999538033,6.191608735421727e-11,5.901582654574447e-11
44,1411.844304739705,0.0004841929185204208,44.0,0.0,long,4,4240,1410.9101007497559,1410.9309109298442,236.0,199.0,900.0,-2.406976521680165e-05,1.9576657851868447e-06,1.9089392547921934e-06,1.5925102365757202e-05,1.7515216453317586e-06,1.7087294900933029e-06,9.36633515876314e-06,1.4462666354334045e-06,1.4122608192748657e-06,0.999999999538033,6.191608735421727e-11,5.901582654574447e-11
45,1411.8651380645406,0.0004845011862926185,45.0,0.0,long,4,4240,1410.9101007497559,1410.9309109298442,236.0,199.0,900.0,-2.406976521680165e-05,1.9576657851868447e-06,1.9089392547921934e-06,1.5925102365757202e-05,1.7515216453317586e-06,1.7087294900933029e-06,9.36633515876314e-06,1.4462666354334045e-06,1.4122608192748657e-06,0.999999999538033,6.191608735421727e-11,5.901582654574447e-11
46,1411.8859713893762,0.0004848095413763076,46.0,0.0,long,4,4240,1410.9101007497559,1410.9309109298442,236.0,199.0,900.0,-2.406976521680165e-05,1.9576657851868447e-06,1.9089392547921934e-06,1.5925102365757202e-05,1.7515216453317586e-06,1.7087294900933029e-06,9.36633515876314e-06,1.4462666354334045e-06,1.4122608192748657e-06,0.999999999538033,6.191608735421727e-11,5.901582654574447e-11
47,1411.906804714211,0.0004851179546676576,47.0,0.0,long,4,4240,1410.9101007497559,1410.9309109298442,236.0,199.0,900.0,-2.406976521680165e-05,1.9576657851868447e-06,1.9089392547921934e-06,1.5925102365757202e-05,1.7515216453317586e-06,1.7087294900933029e-06,9.36633515876314e-06,1.4462666354334045e-06,1.4122608192748657e-06,0.999999999538033,6.191608735421727e-11,5.901582654574447e-11
48,1411.9276380390465,0.0004854263970628381,48.0,0.0,long,4,4240,1410.9101007497559,1410.9309109298442,236.0,199.0,900.0,-2.406976521680165e-05,1.9576657851868447e-06,1.9089392547921934e-06,1.5925102365757202e-05,1.7515216453317586e-06,1.7087294900933029e-06,9.36633515876314e-06,1.4462666354334045e-06,1.4122608192748657e-06,0.999999999538033,6.191608735421727e-11,5.901582654574447e-11
49,1411.9484713638822,0.0004857349267695099,49.0,0.0,long,4,4240,1410.9101007497559,1410.9309109298442,236.0,199.0,900.0,-2.406976521680165e-05,1.9576657851868447e-06,1.9089392547921934e-06,1.5925102365757202e-05,1.7515216453317586e-06,1.7087294900933029e-06,9.36633515876314e-06,1.4462666354334045e-06,1.4122608192748657e-06,0.999999999538033,6.191608735421727e-11,5.901582654574447e-11
50,1411.9693046887164,0.0004860434855800122,50.0,0.0,long,4,4240,1410.9101007497559,1410.9309109298442,236.0,199.0,900.0,-2.406976521680165e-05,1.9576657851868447e-06,1.9089392547921934e-06,1.5925102365757202e-05,1.7515216453317586e-06,1.7087294900933029e-06,9.36633515876314e-06,1.4462666354334045e-06,1.4122608192748657e-06,0.999999999538033,6.191608735421727e-11,5.901582654574447e-11
51,1411.9901380135516,0.00048635207349434495,51.0,0.0,long,4,4240,1410.9101007497559,1410.9309109298442,236.0,199.0,900.0,-2.406976521680165e-05,1.9576657851868447e-06,1.9089392547921934e-06,1.5925102365757202e-05,1.7515216453317586e-06,1.7087294900933029e-06,9.36633515876314e-06,1.4462666354334045e-06,1.4122608192748657e-06,0.999999999538033,6.191608735421727e-11,5.901582654574447e-11
52,1412.0109713383868,0.0004866607196163386,52.0,0.0,long,4,4240,1410.9101007497559,1410.9309109298442,236.0,199.0,900.0,-2.406976521680165e-05,1.9576657851868447e-06,1.9089392547921934e-06,1.5925102365757202e-05,1.7515216453317586e-06,1.7087294900933029e-06,9.36633515876314e-06,1.4462666354334045e-06,1.4122608192748657e-06,0.999999999538033,6.191608735421727e-11,5.901582654574447e-11
53,1412.0318046632228,0.00048696936573833227,53.0,0.0,long,4,4240,1410.9101007497559,1410.9309109298442,236.0,199.0,900.0,-2.406976521680165e-05,1.9576657851868447e-06,1.9089392547921934e-06,1.5925102365757202e-05,1.7515216453317586e-06,1.7087294900933029e-06,9.36633515876314e-06,1.4462666354334045e-06,1.4122608192748657e-06,0.999999999538033,6.191608735421727e-11,5.901582654574447e-11
54,1412.052637988057,0.00048727801186032593,54.0,0.0,long,4,4240,1410.9101007497559,1410.9309109298442,236.0,199.0,900.0,-2.406976521680165e-05,1.9576657851868447e-06,1.9089392547921934e-06,1.5925102365757202e-05,1.7515216453317586e-06,1.7087294900933029e-06,9.36633515876314e-06,1.4462666354334045e-06,1.4122608192748657e-06,0.999999999538033,6.191608735421727e-11,5.901582654574447e-11
55,1412.0734713128923,0.00048758668708615005,55.0,0.0,long,4,4240,1410.9101007497559,1410.9309109298442,236.0,199.0,900.0,-2.406976521680165e-05,1.9576657851868447e-06,1.9089392547921934e-06,1.5925102365757202e-05,1.7515216453317586e-06,1.7087294900933029e-06,9.36633515876314e-06,1.4462666354334045e-06,1.4122608192748657e-06,0.999999999538033,6.191608735421727e-11,5.901582654574447e-11
56,1412.0943046377283,0.00048789536231197417,56.0,0.0,long,4,4240,1410.9101007497559,1410.9309109298442,236.0,199.0,900.0,-2.406976521680165e-05,1.9576657851868447e-06,1.9089392547921934e-06,1.5925102365757202e-05,1.7515216453317586e-06,1.7087294900933029e-06,9.36633515876314e-06,1.4462666354334045e-06,1.4122608192748657e-06,0.999999999538033,6.191608735421727e-11,5.901582654574447e-11
57,1412.1151379625635,0.00048820400843396783,57.0,0.0,long,4,4240,1410.9101007497559,1410.9309109298442,236.0,199.0,900.0,-2.406976521680165e-05,1.9576657851868447e-06,1.9089392547921934e-06,1.5925102365757202e-05,1.7515216453317586e-06,1.7087294900933029e-06,9.36633515876314e-06,1.4462666354334045e-06,1.4122608192748657e-06,0.999999999538033,6.191608735421727e-11,5.901582654574447e-11
58,1412.1359712873982,0.000488512683659792,58.0,0.0,long,4,4240,1410.9101007497559,1410.9309109298442,236.0,199.0,900.0,-2.406976521680165e-05,1.9576657851868447e-06,1.9089392547921934e-06,1.5925102365757202e-05,1.7515216453317586e-06,1.7087294900933029e-06,9.36633515876314e-06,1.4462666354334045e-06,1.4122608192748657e-06,0.999999999538033,6.191608735421727e-11,5.901582654574447e-11
59,1412.1568046122334,0.0004888213006779552,59.0,0.0,long,4,4240,1410.9101007497559,1410.9309109298442,236.0,199.0,900.0,-2.406976521680165e-05,1.9576657851868447e-06,1.9089392547921934e-06,1.5925102365757202e-05,1.7515216453317586e-06,1.7087294900933029e-06,9.36633515876314e-06,1.4462666354334045e-06,1.4122608192748657e-06,0.999999999538033,6.191608735421727e-11,5.901582654574447e-11
60,1412.1776379370694,0.0004891299176961184,60.0,0.0,long,4,4240,1410.9101007497559,1410.9309109298442,236.0,199.0,900.0,-2.406976521680165e-05,1.9576657851868447e-06,1.9089392547921934e-06,1.5925102365757202e-05,1.7515216453317586e-06,1.7087294900933029e-06,9.36633515876314e-06,1.4462666354334045e-06,1.4122608192748657e-06,0.999999999538033,6.191608735421727e-11,5.901582654574447e-11
61,1412.1984712619042,0.0004894385347142816,61.0,0.0,long,4,4240,1410.9101007497559,1410.9309109298442,236.0,199.0,900.0,-2.406976521680165e-05,1.9576657851868447e-06,1.9089392547921934e-06,1.5925102365757202e-05,1.7515216453317586e-06,1.7087294900933029e-06,9.36633515876314e-06,1.4462666354334045e-06,1.4122608192748657e-06,0.999999999538033,6.191608735421727e-11,5.901582654574447e-11
62,1412.2193045867384,0.0004897470935247838,62.0,0.0,long,4,4240,1410.9101007497559,1410.9309109298442,236.0,199.0,900.0,-2.406976521680165e-05,1.9576657851868447e-06,1.9089392547921934e-06,1.5925102365757202e-05,1.7515216453317586e-06,1.7087294900933029e-06,9.36633515876314e-06,1.4462666354334045e-06,1.4122608192748657e-06,0.999999999538033,6.191608735421727e-11,5.901582654574447e-11
63,1412.2401379115738,0.0004900555941276252,63.0,0.0,long,4,4240,1410.9101007497559,1410.9309109298442,236.0,199.0,900.0,-2.406976521680165e-05,1.9576657851868447e-06,1.9089392547921934e-06,1.5925102365757202e-05,1.7515216453317586e-06,1.7087294900933029e-06,9.36633515876314e-06,1.4462666354334045e-06,1.4122608192748657e-06,0.999999999538033,6.191608735421727e-11,5.901582654574447e-11
64,1412.2609712364092,0.0004903640947304666,64.0,128.0,long,4,4240,1410.9101007497559,1410.9309109298442,236.0,199.0,900.0,-2.406976521680165e-05,1.9576657851868447e-06,1.9089392547921934e-06,1.5925102365757202e-05,1.7515216453317586e-06,1.7087294900933029e-06,9.36633515876314e-06,1.4462666354334045e-06,1.4122608192748657e-06,0.999999999538033,6.191608735421727e-11,5.901582654574447e-11
65,1412.281804561244,0.0004906725371256471,65.0,128.0,long,4,4240,1410.9101007497559,1410.9309109298442,236.0,199.0,900.0,-2.406976521680165e-05,1.9576657851868447e-06,1.9089392547921934e-06,1.5925102365757202e-05,1.7515216453317586e-06,1.7087294900933029e-06,9.36633515876314e-06,1.4462666354334045e-06,1.4122608192748657e-06,0.999999999538033,6.191608735421727e-11,5.901582654574447e-11
66,1412.3026378860795,0.0004909809213131666,66.0,0.0,long,4,4240,1410.9101007497559,1410.9309109298442,236.0,199.0,900.0,-2.406976521680165e-05,1.9576657851868447e-06,1.9089392547921934e-06,1.5925102365757202e-05,1.7515216453317586e-06,1.7087294900933029e-06,9.36633515876314e-06,1.4462666354334045e-06,1.4122608192748657e-06,0.999999999538033,6.191608735421727e-11,5.901582654574447e-11
67,1412.3234712109156,0.0004912892472930253,67.0,0.0,long,4,4240,1410.9101007497559,1410.9309109298442,236.0,199.0,900.0,-2.406976521680165e-05,1.9576657851868447e-06,1.9089392547921934e-06,1.5925102365757202e-05,1.7515216453317586e-06,1.7087294900933029e-06,9.36633515876314e-06,1.4462666354334045e-06,1.4122608192748657e-06,0.999999999538033,6.191608735421727e-11,5.901582654574447e-11
68,1412.3443045357499,0.000491597515065223,68.0,0.0,long,4,4240,1410.9101007497559,1410.9309109298442,236.0,199.0,900.0,-2.406976521680165e-05,1.9576657851868447e-06,1.9089392547921934e-06,1.5925102365757202e-05,1.7515216453317586e-06,1.7087294900933029e-06,9.36633515876314e-06,1.4462666354334045e-06,1.4122608192748657e-06,0.999999999538033,6.191608735421727e-11,5.901582654574447e-11
69,1412.365137860586,0.0004919057246297598,69.0,0.0,long,4,4240,1410.9101007497559,1410.9309109298442,236.0,199.0,900.0,-2.406976521680165e-05,1.9576657851868447e-06,1.9089392547921934e-06,1.5925102365757202e-05,1.7515216453317586e-06,1.7087294900933029e-06,9.36633515876314e-06,1.4462666354334045e-06,1.4122608192748657e-06,0.999999999538033,6.191608735421727e-11,5.901582654574447e-11
70,1412.3859711854216,0.0004922138759866357,70.0,0.0,long,4,4240,1410.9101007497559,1410.9309109298442,236.0,199.0,900.0,-2.406976521680165e-05,1.9576657851868447e-06,1.9089392547921934e-06,1.5925102365757202e-05,1.7515216453317586e-06,1.7087294900933029e-06,9.36633515876314e-06,1.4462666354334045e-06,1.4122608192748657e-06,0.999999999538033,6.191608735421727e-11,5.901582654574447e-11
71,1412.4068045102558,0.0004925219691358507,71.0,0.0,long,4,4240,1410.9101007497559,1410.9309109298442,236.0,199.0,900.0,-2.406976521680165e-05,1.9576657851868447e-06,1.9089392547921934e-06,1.5925102365757202e-05,1.7515216453317586e-06,1.7087294900933029e-06,9.36633515876314e-06,1.4462666354334045e-06,1.4122608192748657e-06,0.999999999538033,6.191608735421727e-11,5.901582654574447e-11
72,1412.4276378350905,0.0004928299458697438,72.0,0.0,long,4,4240,1410.9101007497559,1410.9309109298442,236.0,199.0,900.0,-2.406976521680165e-05,1.9576657851868447e-06,1.9089392547921934e-06,1.5925102365757202e-05,1.7515216453317586e-06,1.7087294900933029e-06,9.36633515876314e-06,1.4462666354334045e-06,1.4122608192748657e-06,0.999999999538033,6.191608735421727e-11,5.901582654574447e-11
73,1412.4484711599264,0.000493137922603637,73.0,0.0,long,4,4240,1410.9101007497559,1410.9309109298442,236.0,199.0,900.0,-2.406976521680165e-05,1.9576657851868447e-06,1.9089392547921934e-06,1.5925102365757202e-05,1.7515216453317586e-06,1.7087294900933029e-06,9.36633515876314e-06,1.4462666354334045e-06,1.4122608192748657e-06,0.999999999538033,6.191608735421727e-11,5.901582654574447e-11
74,1412.4693044847618,0.0004934457247145474,74.0,0.0,long,4,4240,1410.9101007497559,1410.9309109298442,236.0,199.0,900.0,-2.406976521680165e-05,1.9576657851868447e-06,1.9089392547921934e-06,1.5925102365757202e-05,1.7515216453317586e-06,1.7087294900933029e-06,9.36633515876314e-06,1.4462666354334045e-06,1.4122608192748657e-06,0.999999999538033,6.191608735421727e-11,5.901582654574447e-11
75,1412.4901378095972,0.0004937535268254578,75.0,0.0,long,4,4240,1410.9101007497559,1410.9309109298442,236.0,199.0,900.0,-2.406976521680165e-05,1.9576657851868447e-06,1.9089392547921934e-06,1.5925102365757202e-05,1.7515216453317586e-06,1.7087294900933029e-06,9.36633515876314e-06,1.4462666354334045e-06,1.4122608192748657e-06,0.999999999538033,6.191608735421727e-11,5.901582654574447e-11
76,1412.5109711344326,0.0004940611543133855,76.0,0.0,long,4,4240,1410.9101007497559,1410.9309109298442,236.0,199.0,900.0,-2.406976521680165e-05,1.9576657851868447e-06,1.9089392547921934e-06,1.5925102365757202e-05,1.7515216453317586e-06,1.7087294900933029e-06,9.36633515876314e-06,1.4462666354334045e-06,1.4122608192748657e-06,0.999999999538033,6.191608735421727e-11,5.901582654574447e-11
77,1412.5318044592673,0.0004943687235936522,77.0,0.0,long,4,4240,1410.9101007497559,1410.9309109298442,236.0,199.0,900.0,-2.406976521680165e-05,1.9576657851868447e-06,1.9089392547921934e-06,1.5925102365757202e-05,1.7515216453317586e-06,1.7087294900933029e-06,9.36633515876314e-06,1.4462666354334045e-06,1.4122608192748657e-06,0.999999999538033,6.191608735421727e-11,5.901582654574447e-11
78,1412.552637784103,0.0004946762346662581,78.0,0.0,long,4,4240,1410.9101007497559,1410.9309109298442,236.0,199.0,900.0,-2.406976521680165e-05,1.9576657851868447e-06,1.9089392547921934e-06,1.5925102365757202e-05,1.7515216453317586e-06,1.7087294900933029e-06,9.36633515876314e-06,1.4462666354334045e-06,1.4122608192748657e-06,0.999999999538033,6.191608735421727e-11,5.901582654574447e-11
79,1412.573471108938,0.0004949836293235421,79.0,0.0,long,4,4240,1410.9101007497559,1410.9309109298442,236.0,199.0,900.0,-2.406976521680165e-05,1.9576657851868447e-06,1.9089392547921934e-06,1.5925102365757202e-05,1.7515216453317586e-06,1.7087294900933029e-06,9.36633515876314e-06,1.4462666354334045e-06,1.4122608192748657e-06,0.999999999538033,6.191608735421727e-11,5.901582654574447e-11
80,1412.5943044337735,0.0004952909075655043,80.0,0.0,long,4,4240,1410.9101007497559,1410.9309109298442,236.0,199.0,900.0,-2.406976521680165e-05,1.9576657851868447e-06,1.9089392547921934e-06,1.5925102365757202e-05,1.7515216453317586e-06,1.7087294900933029e-06,9.36633515876314e-06,1.4462666354334045e-06,1.4122608192748657e-06,0.999999999538033,6.191608735421727e-11,5.901582654574447e-11
81,1412.6151377586084,0.0004955980693921447,81.0,0.0,long,4,4240,1410.9101007497559,1410.9309109298442,236.0,199.0,900.0,-2.406976521680165e-05,1.9576657851868447e-06,1.9089392547921934e-06,1.5925102365757202e-05,1.7515216453317586e-06,1.7087294900933029e-06,9.36633515876314e-06,1.4462666354334045e-06,1.4122608192748657e-06,0.999999999538033,6.191608735421727e-11,5.901582654574447e-11
82,1412.635971083444,0.0004959051730111241,82.0,0.0,long,4,4240,1410.9101007497559,1410.9309109298442,236.0,199.0,900.0,-2.406976521680165e-05,1.9576657851868447e-06,1.9089392547921934e-06,1.5925102365757202e-05,1.7515216453317586e-06,1.7087294900933029e-06,9.36633515876314e-06,1.4462666354334045e-06,1.4122608192748657e-06,0.999999999538033,6.191608735421727e-11,5.901582654574447e-11
83,1412.6568044082796,0.0004962121602147818,83.0,0.0,long,4,4240,1410.9101007497559,1410.9309109298442,236.0,199.0,900.0,-2.406976521680165e-05,1.9576657851868447e-06,1.9089392547921934e-06,1.5925102365757202e-05,1.7515216453317586e-06,1.7087294900933029e-06,9.36633515876314e-06,1.4462666354334045e-06,1.4122608192748657e-06,0.999999999538033,6.191608735421727e-11,5.901582654574447e-11
84,1412.6776377331148,0.0004965189727954566,84.0,0.0,long,4,4240,1410.9101007497559,1410.9309109298442,236.0,199.0,900.0,-2.406976521680165e-05,1.9576657851868447e-06,1.9089392547921934e-06,1.5925102365757202e-05,1.7515216453317586e-06,1.7087294900933029e-06,9.36633515876314e-06,1.4462666354334045e-06,1.4122608192748657e-06,0.999999999538033,6.191608735421727e-11,5.901582654574447e-11
85,1412.6984710579504,0.0004968257271684706,85.0,0.0,long,4,4240,1410.9101007497559,1410.9309109298442,236.0,199.0,900.0,-2.406976521680165e-05,1.9576657851868447e-06,1.9089392547921934e-06,1.5925102365757202e-05,1.7515216453317586e-06,1.7087294900933029e-06,9.36633515876314e-06,1.4462666354334045e-06,1.4122608192748657e-06,0.999999999538033,6.191608735421727e-11,5.901582654574447e-11
86,1412.7193043827858,0.0004971323651261628,86.0,0.0,long,4,4240,1410.9101007497559,1410.9309109298442,236.0,199.0,900.0,-2.406976521680165e-05,1.9576657851868447e-06,1.9089392547921934e-06,1.5925102365757202e-05,1.7515216453317586e-06,1.7087294900933029e-06,9.36633515876314e-06,1.4462666354334045e-06,1.4122608192748657e-06,0.999999999538033,6.191608735421727e-11,5.901582654574447e-11
87,1412.7401377076199,0.0004974388866685331,87.0,0.0,long,4,4240,1410.9101007497559,1410.9309109298442,236.0,199.0,900.0,-2.406976521680165e-05,1.9576657851868447e-06,1.9089392547921934e-06,1.5925102365757202e-05,1.7515216453317586e-06,1.7087294900933029e-06,9.36633515876314e-06,1.4462666354334045e-06,1.4122608192748657e-06,0.999999999538033,6.191608735421727e-11,5.901582654574447e-11
88,1412.760971032455,0.0004977452335879207,88.0,0.0,long,4,4240,1410.9101007497559,1410.9309109298442,236.0,199.0,900.0,-2.406976521680165e-05,1.9576657851868447e-06,1.9089392547921934e-06,1.5925102365757202e-05,1.7515216453317586e-06,1.7087294900933029e-06,9.36633515876314e-06,1.4462666354334045e-06,1.4122608192748657e-06,0.999999999538033,6.191608735421727e-11,5.901582654574447e-11
89,1412.7818043572906,0.0004980515222996473,89.0,0.0,long,4,4240,1410.9101007497559,1410.9309109298442,236.0,199.0,900.0,-2.406976521680165e-05,1.9576657851868447e-06,1.9089392547921934e-06,1.5925102365757202e-05,1.7515216453317586e-06,1.7087294900933029e-06,9.36633515876314e-06,1.4462666354334045e-06,1.4122608192748657e-06,0.999999999538033,6.191608735421727e-11,5.901582654574447e-11
90,1412.8026376821258,0.0004983576363883913,90.0,0.0,long,4,4240,1410.9101007497559,1410.9309109298442,236.0,199.0,900.0,-2.406976521680165e-05,1.9576657851868447e-06,1.9089392547921934e-06,1.5925102365757202e-05,1.7515216453317586e-06,1.7087294900933029e-06,9.36633515876314e-06,1.4462666354334045e-06,1.4122608192748657e-06,0.999999999538033,6.191608735421727e-11,5.901582654574447e-11
91,1412.8234710069605,0.0004986636922694743,91.0,0.0,long,4,4240,1410.9101007497559,1410.9309109298442,236.0,199.0,900.0,-2.406976521680165e-05,1.9576657851868447e-06,1.9089392547921934e-06,1.5925102365757202e-05,1.7515216453317586e-06,1.7087294900933029e-06,9.36633515876314e-06,1.4462666354334045e-06,1.4122608192748657e-06,0.999999999538033,6.191608735421727e-11,5.901582654574447e-11
92,1412.8443043317966,0.0004989695735275745,92.0,0.0,long,4,4240,1410.9101007497559,1410.9309109298442,236.0,199.0,900.0,-2.406976521680165e-05,1.9576657851868447e-06,1.9089392547921934e-06,1.5925102365757202e-05,1.7515216453317586e-06,1.7087294900933029e-06,9.36633515876314e-06,1.4462666354334045e-06,1.4122608192748657e-06,0.999999999538033,6.191608735421727e-11,5.901582654574447e-11
93,1412.8651376566318,0.0004992752801626921,93.0,0.0,long,4,4240,1410.9101007497559,1410.9309109298442,236.0,199.0,900.0,-2.406976521680165e-05,1.9576657851868447e-06,1.9089392547921934e-06,1.5925102365757202e-05,1.7515216453317586e-06,1.7087294900933029e-06,9.36633515876314e-06,1.4462666354334045e-06,1.4122608192748657e-06,0.999999999538033,6.191608735421727e-11,5.901582654574447e-11
94,1412.885970981467,0.0004995809285901487,94.0,0.0,long,4,4240,1410.9101007497559,1410.9309109298442,236.0,199.0,900.0,-2.406976521680165e-05,1.9576657851868447e-06,1.9089392547921934e-06,1.5925102365757202e-05,1.7515216453317586e-06,1.7087294900933029e-06,9.36633515876314e-06,1.4462666354334045e-06,1.4122608192748657e-06,0.999999999538033,6.191608735421727e-11,5.901582654574447e-11
95,1412.9068043063025,0.0004998864023946226,95.0,0.0,long,4,4240,1410.9101007497559,1410.9309109298442,236.0,199.0,900.0,-2.406976521680165e-05,1.9576657851868447e-06,1.9089392547921934e-06,1.5925102365757202e-05,1.7515216453317586e-06,1.7087294900933029e-06,9.36633515876314e-06,1.4462666354334045e-06,1.4122608192748657e-06,0.999999999538033,6.191608735421727e-11,5.901582654574447e-11
96,1412.9276376311373,0.0005001917597837746,96.0,0.0,long,4,4240,1410.9101007497559,1410.9309109298442,236.0,199.0,900.0,-2.406976521680165e-05,1.9576657851868447e-06,1.9089392547921934e-06,1.5925102365757202e-05,1.7515216453317586e-06,1.7087294900933029e-06,9.36633515876314e-06,1.4462666354334045e-06,1.4122608192748657e-06,0.999999999538033,6.191608735421727e-11,5.901582654574447e-11
97,1412.9484709559733,0.0005004969425499439,97.0,0.0,long,4,4240,1410.9101007497559,1410.9309109298442,236.0,199.0,900.0,-2.406976521680165e-05,1.9576657851868447e-06,1.9089392547921934e-06,1.5925102365757202e-05,1.7515216453317586e-06,1.7087294900933029e-06,9.36633515876314e-06,1.4462666354334045e-06,1.4122608192748657e-06,0.999999999538033,6.191608735421727e-11,5.901582654574447e-11
98,1412.9693042808085,0.0005008020089007914,98.0,0.0,long,4,4240,1410.9101007497559,1410.9309109298442,236.0,199.0,900.0,-2.406976521680165e-05,1.9576657851868447e-06,1.9089392547921934e-06,1.5925102365757202e-05,1.7515216453317586e-06,1.7087294900933029e-06,9.36633515876314e-06,1.4462666354334045e-06,1.4122608192748657e-06,0.999999999538033,6.191608735421727e-11,5.901582654574447e-11
99,1412.9901376056434,0.0005011069006286561,99.0,0.0,long,4,4240,1410.9101007497559,1410.9309109298442,236.0,199.0,900.0,-2.406976521680165e-05,1.9576657851868447e-06,1.9089392547921934e-06,1.5925102365757202e-05,1.7515216453317586e-06,1.7087294900933029e-06,9.36633515876314e-06,1.4462666354334045e-06,1.4122608192748657e-06,0.999999999538033,6.191608735421727e-11,5.901582654574447e-11
100,1413.0109709304786,0.0005014116759411991,100.0,0.0,long,4,4240,1410.9101007497559,1410.9309109298442,236.0,199.0,900.0,-2.406976521680165e-05,1.9576657851868447e-06,1.9089392547921934e-06,1.5925102365757202e-05,1.7515216453317586e-06,1.7087294900933029e-06,9.36633515876314e-06,1.4462666354334045e-06,1.4122608192748657e-06,0.999999999538033,6.191608735421727e-11,5.901582654574447e-11
101,1413.0318042553145,0.0005017162766307592,101.0,0.0,long,4,4240,1410.9101007497559,1410.9309109298442,236.0,199.0,900.0,-2.406976521680165e-05,1.9576657851868447e-06,1.9089392547921934e-06,1.5925102365757202e-05,1.7515216453317586e-06,1.7087294900933029e-06,9.36633515876314e-06,1.4462666354334045e-06,1.4122608192748657e-06,0.999999999538033,6.191608735421727e-11,5.901582654574447e-11
102,1413.0526375801492,0.0005020207609049976,102.0,0.0,long,4,4240,1410.9101007497559,1410.9309109298442,236.0,199.0,900.0,-2.406976521680165e-05,1.9576657851868447e-06,1.9089392547921934e-06,1.5925102365757202e-05,1.7515216453317586e-06,1.7087294900933029e-06,9.36633515876314e-06,1.4462666354334045e-06,1.4122608192748657e-06,0.999999999538033,6.191608735421727e-11,5.901582654574447e-11
103,1413.0734709049848,0.0005023251287639141,103.0,0.0,long,4,4240,1410.9101007497559,1410.9309109298442,236.0,199.0,900.0,-2.406976521680165e-05,1.9576657851868447e-06,1.9089392547921934e-06,1.5925102365757202e-05,1.7515216453317586e-06,1.7087294900933029e-06,9.36633515876314e-06,1.4462666354334045e-06,1.4122608192748657e-06,0.999999999538033,6.191608735421727e-11,5.901582654574447e-11
104,1413.0943042298204,0.000502629263792187,104.0,0.0,long,4,4240,1410.9101007497559,1410.9309109298442,236.0,199.0,900.0,-2.406976521680165e-05,1.9576657851868447e-06,1.9089392547921934e-06,1.5925102365757202e-05,1.7515216453317586e-06,1.7087294900933029e-06,9.36633515876314e-06,1.4462666354334045e-06,1.4122608192748657e-06,0.999999999538033,6.191608735421727e-11,5.901582654574447e-11
105,1413.1151375546556,0.000502933282405138,105.0,0.0,long,4,4240,1410.9101007497559,1410.9309109298442,236.0,199.0,900.0,-2.406976521680165e-05,1.9576657851868447e-06,1.9089392547921934e-06,1.5925102365757202e-05,1.7515216453317586e-06,1.7087294900933029e-06,9.36633515876314e-06,1.4462666354334045e-06,1.4122608192748657e-06,0.999999999538033,6.191608735421727e-11,5.901582654574447e-11
106,1413.1359708794912,0.0005032371846027672,106.0,0.0,long,4,4240,1410.9101007497559,1410.9309109298442,236.0,199.0,900.0,-2.406976521680165e-05,1.9576657851868447e-06,1.9089392547921934e-06,1.5925102365757202e-05,1.7515216453317586e-06,1.7087294900933029e-06,9.36633515876314e-06,1.4462666354334045e-06,1.4122608192748657e-06,0.999999999538033,6.191608735421727e-11,5.901582654574447e-11
107,1413.1568042043264,0.0005035408539697528,107.0,0.0,long,4,4240,1410.9101007497559,1410.9309109298442,236.0,199.0,900.0,-2.406976521680165e-05,1.9576657851868447e-06,1.9089392547921934e-06,1.5925102365757202e-05,1.7515216453317586e-06,1.7087294900933029e-06,9.36633515876314e-06,1.4462666354334045e-06,1.4122608192748657e-06,0.999999999538033,6.191608735421727e-11,5.901582654574447e-11
108,1413.1776375291615,0.0005038444069214165,108.0,0.0,long,4,4240,1410.9101007497559,1410.9309109298442,236.0,199.0,900.0,-2.406976521680165e-05,1.9576657851868447e-06,1.9089392547921934e-06,1.5925102365757202e-05,1.7515216453317586e-06,1.7087294900933029e-06,9.36633515876314e-06,1.4462666354334045e-06,1.4122608192748657e-06,0.999999999538033,6.191608735421727e-11,5.901582654574447e-11
109,1413.1984708539972,0.0005041478434577584,109.0,0.0,long,4,4240,1410.9101007497559,1410.9309109298442,236.0,199.0,900.0,-2.406976521680165e-05,1.9576657851868447e-06,1.9089392547921934e-06,1.5925102365757202e-05,1.7515216453317586e-06,1.7087294900933029e-06,9.36633515876314e-06,1.4462666354334045e-06,1.4122608192748657e-06,0.999999999538033,6.191608735421727e-11,5.901582654574447e-11
110,1413.2193041788319,0.0005044510471634567,110.0,0.0,long,4,4240,1410.9101007497559,1410.9309109298442,236.0,199.0,900.0,-2.406976521680165e-05,1.9576657851868447e-06,1.9089392547921934e-06,1.5925102365757202e-05,1.7515216453317586e-06,1.7087294900933029e-06,9.36633515876314e-06,1.4462666354334045e-06,1.4122608192748657e-06,0.999999999538033,6.191608735421727e-11,5.901582654574447e-11
111,1413.2401375036675,0.0005047541344538331,111.0,0.0,long,4,4240,1410.9101007497559,1410.9309109298442,236.0,199.0,900.0,-2.406976521680165e-05,1.9576657851868447e-06,1.9089392547921934e-06,1.5925102365757202e-05,1.7515216453317586e-06,1.7087294900933029e-06,9.36633515876314e-06,1.4462666354334045e-06,1.4122608192748657e-06,0.999999999538033,6.191608735421727e-11,5.901582654574447e-11
112,1413.2818041533387,0.0005053597851656377,112.0,128.0,long,4,4240,1410.9303553744253,1410.9511655545152,236.0,199.0,900.0,-2.421093357290365e-05,2.684172063870287e-06,2.505846997679862e-06,1.58711713654903e-05,2.254699758264387e-06,2.2169373246089097e-06,9.38722348619629e-06,1.724807120058027e-06,1.6136857771218064e-06,0.9999999995365145,8.434223044648477e-11,7.973183862997493e-11
113,1413.3026374781734,0.0005056623485870659,113.0,0.0,long,4,4240,1410.9101007497559,1410.9309109298442,236.0,199.0,900.0,-2.406976521680165e-05,1.9576657851868447e-06,1.9089392547921934e-06,1.5925102365757202e-05,1.7515216453317586e-06,1.7087294900933029e-06,9.36633515876314e-06,1.4462666354334045e-06,1.4122608192748657e-06,0.999999999538033,6.191608735421727e-11,5.901582654574447e-11
114,1413.3234708030086,0.0005059647955931723,114.0,0.0,long,4,4240,1410.9101007497559,1410.9309109298442,236.0,199.0,900.0,-2.406976521680165e-05,1.9576657851868447e-06,1.9089392547921934e-06,1.5925102365757202e-05,1.7515216453317586e-06,1.7087294900933029e-06,9.36633515876314e-06,1.4462666354334045e-06,1.4122608192748657e-06,0.999999999538033,6.191608735421727e-11,5.901582654574447e-11
115,1413.3443041278442,0.000506267009768635,115.0,0.0,long,4,4240,1410.9101007497559,1410.9309109298442,236.0,199.0,900.0,-2.406976521680165e-05,1.9576657851868447e-06,1.9089392547921934e-06,1.5925102365757202e-05,1.7515216453317586e-06,1.7087294900933029e-06,9.36633515876314e-06,1.4462666354334045e-06,1.4122608192748657e-06,0.999999999538033,6.191608735421727e-11,5.901582654574447e-11
116,1413.3651374526794,0.0005065691075287759,116.0,0.0,long,4,4240,1410.9101007497559,1410.9309109298442,236.0,199.0,900.0,-2.406976521680165e-05,1.9576657851868447e-06,1.9089392547921934e-06,1.5925102365757202e-05,1.7515216453317586e-06,1.7087294900933029e-06,9.36633515876314e-06,1.4462666354334045e-06,1.4122608192748657e-06,0.999999999538033,6.191608735421727e-11,5.901582654574447e-11
117,1413.3859707775143,0.0005068710306659341,117.0,0.0,long,4,4240,1410.9101007497559,1410.9309109298442,236.0,199.0,900.0,-2.406976521680165e-05,1.9576657851868447e-06,1.9089392547921934e-06,1.5925102365757202e-05,1.7515216453317586e-06,1.7087294900933029e-06,9.36633515876314e-06,1.4462666354334045e-06,1.4122608192748657e-06,0.999999999538033,6.191608735421727e-11,5.901582654574447e-11
118,1413.4068041023497,0.0005071727791801095,118.0,0.0,long,4,4240,1410.9101007497559,1410.9309109298442,236.0,199.0,900.0,-2.406976521680165e-05,1.9576657851868447e-06,1.9089392547921934e-06,1.5925102365757202e-05,1.7515216453317586e-06,1.7087294900933029e-06,9.36633515876314e-06,1.4462666354334045e-06,1.4122608192748657e-06,0.999999999538033,6.191608735421727e-11,5.901582654574447e-11
119,1413.4276374271853,0.0005074743530713022,119.0,0.0,long,4,4240,1410.9101007497559,1410.9309109298442,236.0,199.0,900.0,-2.406976521680165e-05,1.9576657851868447e-06,1.9089392547921934e-06,1.5925102365757202e-05,1.7515216453317586e-06,1.7087294900933029e-06,9.36633515876314e-06,1.4462666354334045e-06,1.4122608192748657e-06,0.999999999538033,6.191608735421727e-11,5.901582654574447e-11
120,1413.4484707520212,0.0005077757523395121,120.0,0.0,long,4,4240,1410.9101007497559,1410.9309109298442,236.0,199.0,900.0,-2.406976521680165e-05,1.9576657851868447e-06,1.9089392547921934e-06,1.5925102365757202e-05,1.7515216453317586e-06,1.7087294900933029e-06,9.36633515876314e-06,1.4462666354334045e-06,1.4122608192748657e-06,0.999999999538033,6.191608735421727e-11,5.901582654574447e-11
121,1413.4693040768566,0.0005080769769847393,121.0,0.0,long,4,4240,1410.9101007497559,1410.9309109298442,236.0,199.0,900.0,-2.406976521680165e-05,1.9576657851868447e-06,1.9089392547921934e-06,1.5925102365757202e-05,1.7515216453317586e-06,1.7087294900933029e-06,9.36633515876314e-06,1.4462666354334045e-06,1.4122608192748657e-06,0.999999999538033,6.191608735421727e-11,5.901582654574447e-11
122,1413.4901374016908,0.0005083780270069838,122.0,0.0,long,4,4240,1410.9101007497559,1410.9309109298442,236.0,199.0,900.0,-2.406976521680165e-05,1.9576657851868447e-06,1.9089392547921934e-06,1.5925102365757202e-05,1.7515216453317586e-06,1.7087294900933029e-06,9.36633515876314e-06,1.4462666354334045e-06,1.4122608192748657e-06,0.999999999538033,6.191608735421727e-11,5.901582654574447e-11
123,1413.510970726527,0.0005086788441985846,123.0,0.0,long,4,4240,1410.9101007497559,1410.9309109298442,236.0,199.0,900.0,-2.406976521680165e-05,1.9576657851868447e-06,1.9089392547921934e-06,1.5925102365757202e-05,1.7515216453317586e-06,1.7087294900933029e-06,9.36633515876314e-06,1.4462666354334045e-06,1.4122608192748657e-06,0.999999999538033,6.191608735421727e-11,5.901582654574447e-11
124,1413.531804051362,0.0005089795449748635,124.0,0.0,long,4,4240,1410.9101007497559,1410.9309109298442,236.0,199.0,900.0,-2.406976521680165e-05,1.9576657851868447e-06,1.9089392547921934e-06,1.5925102365757202e-05,1.7515216453317586e-06,1.7087294900933029e-06,9.36633515876314e-06,1.4462666354334045e-06,1.4122608192748657e-06,0.999999999538033,6.191608735421727e-11,5.901582654574447e-11
125,1413.5526373761977,0.0005092800711281598,125.0,0.0,long,4,4240,1410.9101007497559,1410.9309109298442,236.0,199.0,900.0,-2.406976521680165e-05,1.9576657851868447e-06,1.9089392547921934e-06,1.5925102365757202e-05,1.7515216453317586e-06,1.7087294900933029e-06,9.36633515876314e-06,1.4462666354334045e-06,1.4122608192748657e-06,0.999999999538033,6.191608735421727e-11,5.901582654574447e-11
126,1413.5734707010333,0.0005095804226584733,126.0,0.0,long,4,4240,1410.9101007497559,1410.9309109298442,236.0,199.0,900.0,-2.406976521680165e-05,1.9576657851868447e-06,1.9089392547921934e-06,1.5925102365757202e-05,1.7515216453317586e-06,1.7087294900933029e-06,9.36633515876314e-06,1.4462666354334045e-06,1.4122608192748657e-06,0.999999999538033,6.191608735421727e-11,5.901582654574447e-11
127,1413.5943040258685,0.000509880599565804,127.0,0.0,long,4,4240,1410.9101007497559,1410.9309109298442,236.0,199.0,900.0,-2.406976521680165e-05,1.9576657851868447e-06,1.9089392547921934e-06,1.5925102365757202e-05,1.7515216453317586e-06,1.7087294900933029e-06,9.36633515876314e-06,1.4462666354334045e-06,1.4122608192748657e-06,0.999999999538033,6.191608735421727e-11,5.901582654574447e-11
128,1413.615137350704,0.0005101805436424911,128.0,0.0,long,4,4240,1410.9101007497559,1410.9309109298442,236.0,199.0,900.0,-2.406976521680165e-05,1.9576657851868447e-06,1.9089392547921934e-06,1.5925102365757202e-05,1.7515216453317586e-06,1.7087294900933029e-06,9.36633515876314e-06,1.4462666354334045e-06,1.4122608192748657e-06,0.999999999538033,6.191608735421727e-11,5.901582654574447e-11
129,1413.6359706755393,0.0005104803713038564,129.0,0.0,long,4,4240,1410.9101007497559,1410.9309109298442,236.0,199.0,900.0,-2.406976521680165e-05,1.9576657851868447e-06,1.9089392547921934e-06,1.5925102365757202e-05,1.7515216453317586e-06,1.7087294900933029e-06,9.36633515876314e-06,1.4462666354334045e-06,1.4122608192748657e-06,0.999999999538033,6.191608735421727e-11,5.901582654574447e-11
130,1413.656804000375,0.000510779966134578,130.0,0.0,long,4,4240,1410.9101007497559,1410.9309109298442,236.0,199.0,900.0,-2.406976521680165e-05,1.9576657851868447e-06,1.9089392547921934e-06,1.5925102365757202e-05,1.7515216453317586e-06,1.7087294900933029e-06,9.36633515876314e-06,1.4462666354334045e-06,1.4122608192748657e-06,0.999999999538033,6.191608735421727e-11,5.901582654574447e-11
131,1413.67763732521,0.0005110793863423169,131.0,0.0,long,4,4240,1410.9101007497559,1410.9309109298442,236.0,199.0,900.0,-2.406976521680165e-05,1.9576657851868447e-06,1.9089392547921934e-06,1.5925102365757202e-05,1.7515216453317586e-06,1.7087294900933029e-06,9.36633515876314e-06,1.4462666354334045e-06,1.4122608192748657e-06,0.999999999538033,6.191608735421727e-11,5.901582654574447e-11
132,1413.6984706500452,0.000511378631927073,132.0,0.0,long,4,4240,1410.9101007497559,1410.9309109298442,236.0,199.0,900.0,-2.406976521680165e-05,1.9576657851868447e-06,1.9089392547921934e-06,1.5925102365757202e-05,1.7515216453317586e-06,1.7087294900933029e-06,9.36633515876314e-06,1.4462666354334045e-06,1.4122608192748657e-06,0.999999999538033,6.191608735421727e-11,5.901582654574447e-11
133,1413.7193039748813,0.0005116777028888464,133.0,0.0,long,4,4240,1410.9101007497559,1410.9309109298442,236.0,199.0,900.0,-2.406976521680165e-05,1.9576657851868447e-06,1.9089392547921934e-06,1.5925102365757202e-05,1.7515216453317586e-06,1.7087294900933029e-06,9.36633515876314e-06,1.4462666354334045e-06,1.4122608192748657e-06,0.999999999538033,6.191608735421727e-11,5.901582654574447e-11
134,1413.7401372997163,0.000511976599227637,134.0,0.0,long,4,4240,1410.9101007497559,1410.9309109298442,236.0,199.0,900.0,-2.406976521680165e-05,1.9576657851868447e-06,1.9089392547921934e-06,1.5925102365757202e-05,1.7515216453317586e-06,1.7087294900933029e-06,9.36633515876314e-06,1.4462666354334045e-06,1.4122608192748657e-06,0.999999999538033,6.191608735421727e-11,5.901582654574447e-11
135,1413.760970624552,0.000512275320943445,135.0,0.0,long,4,4240,1410.9101007497559,1410.9309109298442,236.0,199.0,900.0,-2.406976521680165e-05,1.9576657851868447e-06,1.9089392547921934e-06,1.5925102365757202e-05,1.7515216453317586e-06,1.7087294900933029e-06,9.36633515876314e-06,1.4462666354334045e-06,1.4122608192748657e-06,0.999999999538033,6.191608735421727e-11,5.901582654574447e-11
136,1413.7818039493873,0.0005125738098286092,136.0,0.0,long,4,4240,1410.9101007497559,1410.9309109298442,236.0,199.0,900.0,-2.406976521680165e-05,1.9576657851868447e-06,1.9089392547921934e-06,1.5925102365757202e-05,1.7515216453317586e-06,1.7087294900933029e-06,9.36633515876314e-06,1.4462666354334045e-06,1.4122608192748657e-06,0.999999999538033,6.191608735421727e-11,5.901582654574447e-11
137,1413.802637274223,0.0005128721240907907,137.0,0.0,long,4,4240,1410.9101007497559,1410.9309109298442,236.0,199.0,900.0,-2.406976521680165e-05,1.9576657851868447e-06,1.9089392547921934e-06,1.5925102365757202e-05,1.7515216453317586e-06,1.7087294900933029e-06,9.36633515876314e-06,1.4462666354334045e-06,1.4122608192748657e-06,0.999999999538033,6.191608735421727e-11,5.901582654574447e-11
138,1413.8234705990576,0.0005131702637299895,138.0,0.0,long,4,4240,1410.9101007497559,1410.9309109298442,236.0,199.0,900.0,-2.406976521680165e-05,1.9576657851868447e-06,1.9089392547921934e-06,1.5925102365757202e-05,1.7515216453317586e-06,1.7087294900933029e-06,9.36633515876314e-06,1.4462666354334045e-06,1.4122608192748657e-06,0.999999999538033,6.191608735421727e-11,5.901582654574447e-11
139,1413.8443039238923,0.0005134681705385447,139.0,0.0,long,4,4240,1410.9101007497559,1410.9309109298442,236.0,199.0,900.0,-2.406976521680165e-05,1.9576657851868447e-06,1.9089392547921934e-06,1.5925102365757202e-05,1.7515216453317586e-06,1.7087294900933029e-06,9.36633515876314e-06,1.4462666354334045e-06,1.4122608192748657e-06,0.999999999538033,6.191608735421727e-11,5.901582654574447e-11
140,1413.865137248728,0.000513765960931778,140.0,0.0,long,4,4240,1410.9101007497559,1410.9309109298442,236.0,199.0,900.0,-2.406976521680165e-05,1.9576657851868447e-06,1.9089392547921934e-06,1.5925102365757202e-05,1.7515216453317586e-06,1.7087294900933029e-06,9.36633515876314e-06,1.4462666354334045e-06,1.4122608192748657e-06,0.999999999538033,6.191608735421727e-11,5.901582654574447e-11
141,1413.8859705735636,0.0005140635184943676,141.0,0.0,long,4,4240,1410.9101007497559,1410.9309109298442,236.0,199.0,900.0,-2.406976521680165e-05,1.9576657851868447e-06,1.9089392547921934e-06,1.5925102365757202e-05,1.7515216453317586e-06,1.7087294900933029e-06,9.36633515876314e-06,1.4462666354334045e-06,1.4122608192748657e-06,0.999999999538033,6.191608735421727e-11,5.901582654574447e-11
142,1413.9068038983996,0.0005143609014339745,142.0,0.0,long,4,4240,1410.9101007497559,1410.9309109298442,236.0,199.0,900.0,-2.406976521680165e-05,1.9576657851868447e-06,1.9089392547921934e-06,1.5925102365757202e-05,1.7515216453317586e-06,1.7087294900933029e-06,9.36633515876314e-06,1.4462666354334045e-06,1.4122608192748657e-06,0.999999999538033,6.191608735421727e-11,5.901582654574447e-11
143,1413.9276372232343,0.0005146580515429378,143.0,164.0,long,4,4240,1410.9101007497559,1410.930633152134,236.0,199.0,888.0,-2.4076295893884452e-05,1.951515330144722e-06,1.9018464995798211e-06,1.593267276763e-05,1.740263593819587e-06,1.6963955473303793e-06,9.364309570688356e-06,1.420746348183584e-06,1.3958026772277054e-06,0.999999999537733,6.18442480728012e-11,5.890597492790304e-11
144,1413.9484705480704,0.0005149550852365792,144.0,164.0,long,4,4240,1410.909822972047,1410.930633152134,236.0,199.0,900.0,-2.407993216617035e-05,1.9515765728953234e-06,1.9025341283520253e-06,1.593267276763e-05,1.7490642299678678e-06,1.70602971534628e-06,9.361687001397936e-06,1.4165478104689303e-06,1.3918616001757994e-06,0.9999999995378466,6.209807055556509e-11,5.921930003834767e-11
145,1413.969303872906,0.000515251827891916,145.0,0.0,long,4,4240,1410.9101007497559,1410.9309109298442,236.0,199.0,900.0,-2.406976521680165e-05,1.9576657851868447e-06,1.9089392547921934e-06,1.5925102365757202e-05,1.7515216453317586e-06,1.7087294900933029e-06,9.36633515876314e-06,1.4462666354334045e-06,1.4122608192748657e-06,0.999999999538033,6.191608735421727e-11,5.901582654574447e-11
146,1413.9901371977408,0.0005155484541319311,146.0,0.0,long,4,4240,1410.9101007497559,1410.9309109298442,236.0,199.0,900.0,-2.406976521680165e-05,1.9576657851868447e-06,1.9089392547921934e-06,1.5925102365757202e-05,1.7515216453317586e-06,1.7087294900933029e-06,9.36633515876314e-06,1.4462666354334045e-06,1.4122608192748657e-06,0.999999999538033,6.191608735421727e-11,5.901582654574447e-11
147,1414.010970522576,0.0005158448475413024,147.0,128.0,long,4,4240,1410.9101007497559,1410.9309109298442,236.0,199.0,900.0,-2.406976521680165e-05,1.9576657851868447e-06,1.9089392547921934e-06,1.5925102365757202e-05,1.7515216453317586e-06,1.7087294900933029e-06,9.36633515876314e-06,1.4462666354334045e-06,1.4122608192748657e-06,0.999999999538033,6.191608735421727e-11,5.901582654574447e-11
148,1414.0318038474115,0.0005161410663276911,148.0,0.0,long,4,4240,1410.9101007497559,1410.9309109298442,236.0,199.0,900.0,-2.406976521680165e-05,1.9576657851868447e-06,1.9089392547921934e-06,1.5925102365757202e-05,1.7515216453317586e-06,1.7087294900933029e-06,9.36633515876314e-06,1.4462666354334045e-06,1.4122608192748657e-06,0.999999999538033,6.191608735421727e-11,5.901582654574447e-11
149,1414.0526371722472,0.000516437110491097,149.0,0.0,long,4,4240,1410.9101007497559,1410.9309109298442,236.0,199.0,900.0,-2.406976521680165e-05,1.9576657851868447e-06,1.9089392547921934e-06,1.5925102365757202e-05,1.7515216453317586e-06,1.7087294900933029e-06,9.36633515876314e-06,1.4462666354334045e-06,1.4122608192748657e-06,0.999999999538033,6.191608735421727e-11,5.901582654574447e-11
150,1414.0734704970828,0.0005167329218238592,150.0,0.0,long,4,4240,1410.9101007497559,1410.9309109298442,236.0,199.0,900.0,-2.406976521680165e-05,1.9576657851868447e-06,1.9089392547921934e-06,1.5925102365757202e-05,1.7515216453317586e-06,1.7087294900933029e-06,9.36633515876314e-06,1.4462666354334045e-06,1.4122608192748657e-06,0.999999999538033,6.191608735421727e-11,5.901582654574447e-11
151,1414.0943038219184,0.0005170285585336387,151.0,0.0,long,4,4240,1410.9101007497559,1410.9309109298442,236.0,199.0,900.0,-2.406976521680165e-05,1.9576657851868447e-06,1.9089392547921934e-06,1.5925102365757202e-05,1.7515216453317586e-06,1.7087294900933029e-06,9.36633515876314e-06,1.4462666354334045e-06,1.4122608192748657e-06,0.999999999538033,6.191608735421727e-11,5.901582654574447e-11
152,1414.1151371467536,0.0005173239624127746,152.0,0.0,long,4,4240,1410.9101007497559,1410.9309109298442,236.0,199.0,900.0,-2.406976521680165e-05,1.9576657851868447e-06,1.9089392547921934e-06,1.5925102365757202e-05,1.7515216453317586e-06,1.7087294900933029e-06,9.36633515876314e-06,1.4462666354334045e-06,1.4122608192748657e-06,0.999999999538033,6.191608735421727e-11,5.901582654574447e-11
153,1414.1359704715894,0.0005176191916689277,153.0,0.0,long,4,4240,1410.9101007497559,1410.9309109298442,236.0,199.0,900.0,-2.406976521680165e-05,1.9576657851868447e-06,1.9089392547921934e-06,1.5925102365757202e-05,1.7515216453317586e-06,1.7087294900933029e-06,9.36633515876314e-06,1.4462666354334045e-06,1.4122608192748657e-06,0.999999999538033,6.191608735421727e-11,5.901582654574447e-11
154,1414.1568037964248,0.000517914246302098,154.0,0.0,long,4,4240,1410.9101007497559,1410.9309109298442,236.0,199.0,900.0,-2.406976521680165e-05,1.9576657851868447e-06,1.9089392547921934e-06,1.5925102365757202e-05,1.7515216453317586e-06,1.7087294900933029e-06,9.36633515876314e-06,1.4462666354334045e-06,1.4122608192748657e-06,0.999999999538033,6.191608735421727e-11,5.901582654574447e-11
155,1414.17763712126,0.0005182090681046247,155.0,0.0,long,4,4240,1410.9101007497559,1410.9309109298442,236.0,199.0,900.0,-2.406976521680165e-05,1.9576657851868447e-06,1.9089392547921934e-06,1.5925102365757202e-05,1.7515216453317586e-06,1.7087294900933029e-06,9.36633515876314e-06,1.4462666354334045e-06,1.4122608192748657e-06,0.999999999538033,6.191608735421727e-11,5.901582654574447e-11
156,1414.1984704460956,0.0005185037152841687,156.0,0.0,long,4,4240,1410.9101007497559,1410.9309109298442,236.0,199.0,900.0,-2.406976521680165e-05,1.9576657851868447e-06,1.9089392547921934e-06,1.5925102365757202e-05,1.7515216453317586e-06,1.7087294900933029e-06,9.36633515876314e-06,1.4462666354334045e-06,1.4122608192748657e-06,0.999999999538033,6.191608735421727e-11,5.901582654574447e-11
157,1414.2193037709312,0.00051879818784073,157.0,0.0,long,4,4240,1410.9101007497559,1410.9309109298442,236.0,199.0,900.0,-2.406976521680165e-05,1.9576657851868447e-06,1.9089392547921934e-06,1.5925102365757202e-05,1.7515216453317586e-06,1.7087294900933029e-06,9.36633515876314e-06,1.4462666354334045e-06,1.4122608192748657e-06,0.999999999538033,6.191608735421727e-11,5.901582654574447e-11
158,1414.2401370957668,0.0005190923693589866,158.0,0.0,long,4,4240,1410.9101007497559,1410.9309109298442,236.0,199.0,900.0,-2.406976521680165e-05,1.9576657851868447e-06,1.9089392547921934e-06,1.5925102365757202e-05,1.7515216453317586e-06,1.7087294900933029e-06,9.36633515876314e-06,1.4462666354334045e-06,1.4122608192748657e-06,0.999999999538033,6.191608735421727e-11,5.901582654574447e-11
159,1414.2609704206016,0.0005193864344619215,159.0,0.0,long,4,4240,1410.9101007497559,1410.9309109298442,236.0,199.0,900.0,-2.406976521680165e-05,1.9576657851868447e-06,1.9089392547921934e-06,1.5925102365757202e-05,1.7515216453317586e-06,1.7087294900933029e-06,9.36633515876314e-06,1.4462666354334045e-06,1.4122608192748657e-06,0.999999999538033,6.191608735421727e-11,5.901582654574447e-11
160,1414.2818037454372,0.0005196802667342126,160.0,0.0,long,4,4240,1410.9101007497559,1410.9309109298442,236.0,199.0,900.0,-2.406976521680165e-05,1.9576657851868447e-06,1.9089392547921934e-06,1.5925102365757202e-05,1.7515216453317586e-06,1.7087294900933029e-06,9.36633515876314e-06,1.4462666354334045e-06,1.4122608192748657e-06,0.999999999538033,6.191608735421727e-11,5.901582654574447e-11
161,1414.3026370702728,0.0005199739243835211,161.0,0.0,long,4,4240,1410.9101007497559,1410.9309109298442,236.0,199.0,900.0,-2.406976521680165e-05,1.9576657851868447e-06,1.9089392547921934e-06,1.5925102365757202e-05,1.7515216453317586e-06,1.7087294900933029e-06,9.36633515876314e-06,1.4462666354334045e-06,1.4122608192748657e-06,0.999999999538033,6.191608735421727e-11,5.901582654574447e-11
162,1414.3234703951089,0.0005202673492021859,162.0,0.0,long,4,4240,1410.9101007497559,1410.9309109298442,236.0,199.0,900.0,-2.406976521680165e-05,1.9576657851868447e-06,1.9089392547921934e-06,1.5925102365757202e-05,1.7515216453317586e-06,1.7087294900933029e-06,9.36633515876314e-06,1.4462666354334045e-06,1.4122608192748657e-06,0.999999999538033,6.191608735421727e-11,5.901582654574447e-11
163,1414.3443037199431,0.000520560541190207,163.0,0.0,long,4,4240,1410.9101007497559,1410.9309109298442,236.0,199.0,900.0,-2.406976521680165e-05,1.9576657851868447e-06,1.9089392547921934e-06,1.5925102365757202e-05,1.7515216453317586e-06,1.7087294900933029e-06,9.36633515876314e-06,1.4462666354334045e-06,1.4122608192748657e-06,0.999999999538033,6.191608735421727e-11,5.901582654574447e-11
164,1414.3651370447787,0.0005208536167629063,164.0,0.0,long,4,4240,1410.9101007497559,1410.9309109298442,236.0,199.0,900.0,-2.406976521680165e-05,1.9576657851868447e-06,1.9089392547921934e-06,1.5925102365757202e-05,1.7515216453317586e-06,1.7087294900933029e-06,9.36633515876314e-06,1.4462666354334045e-06,1.4122608192748657e-06,0.999999999538033,6.191608735421727e-11,5.901582654574447e-11
165,1414.3859703696148,0.000521146401297301,165.0,0.0,long,4,4240,1410.9101007497559,1410.9309109298442,236.0,199.0,900.0,-2.406976521680165e-05,1.9576657851868447e-06,1.9089392547921934e-06,1.5925102365757202e-05,1.7515216453317586e-06,1.7087294900933029e-06,9.36633515876314e-06,1.4462666354334045e-06,1.4122608192748657e-06,0.999999999538033,6.191608735421727e-11,5.901582654574447e-11
166,1414.4068036944498,0.0005214390112087131,166.0,0.0,long,4,4240,1410.9101007497559,1410.9309109298442,236.0,199.0,900.0,-2.406976521680165e-05,1.9576657851868447e-06,1.9089392547921934e-06,1.5925102365757202e-05,1.7515216453317586e-06,1.7087294900933029e-06,9.36633515876314e-06,1.4462666354334045e-06,1.4122608192748657e-06,0.999999999538033,6.191608735421727e-11,5.901582654574447e-11
167,1414.4276370192856,0.0005217314464971423,167.0,0.0,long,4,4240,1410.9101007497559,1410.9309109298442,236.0,199.0,900.0,-2.406976521680165e-05,1.9576657851868447e-06,1.9089392547921934e-06,1.5925102365757202e-05,1.7515216453317586e-06,1.7087294900933029e-06,9.36633515876314e-06,1.4462666354334045e-06,1.4122608192748657e-06,0.999999999538033,6.191608735421727e-11,5.901582654574447e-11
168,1414.448470344121,0.0005220236489549279,168.0,0.0,long,4,4240,1410.9101007497559,1410.9309109298442,236.0,199.0,900.0,-2.406976521680165e-05,1.9576657851868447e-06,1.9089392547921934e-06,1.5925102365757202e-05,1.7515216453317586e-06,1.7087294900933029e-06,9.36633515876314e-06,1.4462666354334045e-06,1.4122608192748657e-06,0.999999999538033,6.191608735421727e-11,5.901582654574447e-11
169,1414.4693036689569,0.0005223156767897308,169.0,0.0,long,4,4240,1410.9101007497559,1410.9309109298442,236.0,199.0,900.0,-2.406976521680165e-05,1.9576657851868447e-06,1.9089392547921934e-06,1.5925102365757202e-05,1.7515216453317586e-06,1.7087294900933029e-06,9.36633515876314e-06,1.4462666354334045e-06,1.4122608192748657e-06,0.999999999538033,6.191608735421727e-11,5.901582654574447e-11
170,1414.490136993791,0.00052260747179389,170.0,0.0,long,4,4240,1410.9101007497559,1410.9309109298442,236.0,199.0,900.0,-2.406976521680165e-05,1.9576657851868447e-06,1.9089392547921934e-06,1.5925102365757202e-05,1.7515216453317586e-06,1.7087294900933029e-06,9.36633515876314e-06,1.4462666354334045e-06,1.4122608192748657e-06,0.999999999538033,6.191608735421727e-11,5.901582654574447e-11
171,1414.5109703186272,0.0005228990339674056,171.0,0.0,long,4,4240,1410.9101007497559,1410.9309109298442,236.0,199.0,900.0,-2.406976521680165e-05,1.9576657851868447e-06,1.9089392547921934e-06,1.5925102365757202e-05,1.7515216453317586e-06,1.7087294900933029e-06,9.36633515876314e-06,1.4462666354334045e-06,1.4122608192748657e-06,0.999999999538033,6.191608735421727e-11,5.901582654574447e-11
172,1414.5318036434624,0.0005231904215179384,172.0,0.0,long,4,4240,1410.9101007497559,1410.9309109298442,236.0,199.0,900.0,-2.406976521680165e-05,1.9576657851868447e-06,1.9089392547921934e-06,1.5925102365757202e-05,1.7515216453317586e-06,1.7087294900933029e-06,9.36633515876314e-06,1.4462666354334045e-06,1.4122608192748657e-06,0.999999999538033,6.191608735421727e-11,5.901582654574447e-11
173,1414.5526369682975,0.0005234816344454885,173.0,0.0,long,4,4240,1410.9101007497559,1410.9309109298442,236.0,199.0,900.0,-2.406976521680165e-05,1.9576657851868447e-06,1.9089392547921934e-06,1.5925102365757202e-05,1.7515216453317586e-06,1.7087294900933029e-06,9.36633515876314e-06,1.4462666354334045e-06,1.4122608192748657e-06,0.999999999538033,6.191608735421727e-11,5.901582654574447e-11
174,1414.5734702931336,0.0005237726145423949,174.0,0.0,long,4,4240,1410.9101007497559,1410.9309109298442,236.0,199.0,900.0,-2.406976521680165e-05,1.9576657851868447e-06,1.9089392547921934e-06,1.5925102365757202e-05,1.7515216453317586e-06,1.7087294900933029e-06,9.36633515876314e-06,1.4462666354334045e-06,1.4122608192748657e-06,0.999999999538033,6.191608735421727e-11,5.901582654574447e-11
175,1414.5943036179692,0.0005240633618086576,175.0,0.0,long,4,4240,1410.9101007497559,1410.9309109298442,236.0,199.0,900.0,-2.406976521680165e-05,1.9576657851868447e-06,1.9089392547921934e-06,1.5925102365757202e-05,1.7515216453317586e-06,1.7087294900933029e-06,9.36633515876314e-06,1.4462666354334045e-06,1.4122608192748657e-06,0.999999999538033,6.191608735421727e-11,5.901582654574447e-11
176,1414.6151369428044,0.0005243539344519377,176.0,0.0,long,4,4240,1410.9101007497559,1410.9309109298442,236.0,199.0,900.0,-2.406976521680165e-05,1.9576657851868447e-06,1.9089392547921934e-06,1.5925102365757202e-05,1.7515216453317586e-06,1.7087294900933029e-06,9.36633515876314e-06,1.4462666354334045e-06,1.4122608192748657e-06,0.999999999538033,6.191608735421727e-11,5.901582654574447e-11
177,1414.6359702676396,0.000524644274264574,177.0,0.0,long,4,4240,1410.9101007497559,1410.9309109298442,236.0,199.0,900.0,-2.406976521680165e-05,1.9576657851868447e-06,1.9089392547921934e-06,1.5925102365757202e-05,1.7515216453317586e-06,1.7087294900933029e-06,9.36633515876314e-06,1.4462666354334045e-06,1.4122608192748657e-06,0.999999999538033,6.191608735421727e-11,5.901582654574447e-11
178,1414.6568035924756,0.0005249343812465668,178.0,0.0,long,4,4240,1410.9101007497559,1410.9309109298442,236.0,199.0,900.0,-2.406976521680165e-05,1.9576657851868447e-06,1.9089392547921934e-06,1.5925102365757202e-05,1.7515216453317586e-06,1.7087294900933029e-06,9.36633515876314e-06,1.4462666354334045e-06,1.4122608192748657e-06,0.999999999538033,6.191608735421727e-11,5.901582654574447e-11
179,1414.6776369173112,0.0005252243136055768,179.0,0.0,long,4,4240,1410.9101007497559,1410.9309109298442,236.0,199.0,900.0,-2.406976521680165e-05,1.9576657851868447e-06,1.9089392547921934e-06,1.5925102365757202e-05,1.7515216453317586e-06,1.7087294900933029e-06,9.36633515876314e-06,1.4462666354334045e-06,1.4122608192748657e-06,0.999999999538033,6.191608735421727e-11,5.901582654574447e-11
180,1414.6984702421469,0.000525514071341604,180.0,0.0,long,4,4240,1410.9101007497559,1410.9309109298442,236.0,199.0,900.0,-2.406976521680165e-05,1.9576657851868447e-06,1.9089392547921934e-06,1.5925102365757202e-05,1.7515216453317586e-06,1.7087294900933029e-06,9.36633515876314e-06,1.4462666354334045e-06,1.4122608192748657e-06,0.999999999538033,6.191608735421727e-11,5.901582654574447e-11
181,1414.719303566982,0.0005258035380393267,181.0,0.0,long,4,4240,1410.9101007497559,1410.9309109298442,236.0,199.0,900.0,-2.406976521680165e-05,1.9576657851868447e-06,1.9089392547921934e-06,1.5925102365757202e-05,1.7515216453317586e-06,1.7087294900933029e-06,9.36633515876314e-06,1.4462666354334045e-06,1.4122608192748657e-06,0.999999999538033,6.191608735421727e-11,5.901582654574447e-11
182,1414.7401368918177,0.0005260928883217275,182.0,0.0,long,4,4240,1410.9101007497559,1410.9309109298442,236.0,199.0,900.0,-2.406976521680165e-05,1.9576657851868447e-06,1.9089392547921934e-06,1.5925102365757202e-05,1.7515216453317586e-06,1.7087294900933029e-06,9.36633515876314e-06,1.4462666354334045e-06,1.4122608192748657e-06,0.999999999538033,6.191608735421727e-11,5.901582654574447e-11
183,1414.7609702166533,0.0005263819475658238,183.0,0.0,long,4,4240,1410.9101007497559,1410.9309109298442,236.0,199.0,900.0,-2.406976521680165e-05,1.9576657851868447e-06,1.9089392547921934e-06,1.5925102365757202e-05,1.7515216453317586e-06,1.7087294900933029e-06,9.36633515876314e-06,1.4462666354334045e-06,1.4122608192748657e-06,0.999999999538033,6.191608735421727e-11,5.901582654574447e-11
184,1414.781803541489,0.0005266708321869373,184.0,0.0,long,4,4240,1410.9101007497559,1410.9309109298442,236.0,199.0,900.0,-2.406976521680165e-05,1.9576657851868447e-06,1.9089392547921934e-06,1.5925102365757202e-05,1.7515216453317586e-06,1.7087294900933029e-06,9.36633515876314e-06,1.4462666354334045e-06,1.4122608192748657e-06,0.999999999538033,6.191608735421727e-11,5.901582654574447e-11
185,1414.802636866324,0.0005269594839774072,185.0,0.0,long,4,4240,1410.9101007497559,1410.9309109298442,236.0,199.0,900.0,-2.406976521680165e-05,1.9576657851868447e-06,1.9089392547921934e-06,1.5925102365757202e-05,1.7515216453317586e-06,1.7087294900933029e-06,9.36633515876314e-06,1.4462666354334045e-06,1.4122608192748657e-06,0.999999999538033,6.191608735421727e-11,5.901582654574447e-11
186,1414.8234701911597,0.0005272479611448944,186.0,0.0,long,4,4240,1410.9101007497559,1410.9309109298442,236.0,199.0,900.0,-2.406976521680165e-05,1.9576657851868447e-06,1.9089392547921934e-06,1.5925102365757202e-05,1.7515216453317586e-06,1.7087294900933029e-06,9.36633515876314e-06,1.4462666354334045e-06,1.4122608192748657e-06,0.999999999538033,6.191608735421727e-11,5.901582654574447e-11
187,1414.8443035159958,0.0005275361472740769,187.0,0.0,long,4,4240,1410.9101007497559,1410.9309109298442,236.0,199.0,900.0,-2.406976521680165e-05,1.9576657851868447e-06,1.9089392547921934e-06,1.5925102365757202e-05,1.7515216453317586e-06,1.7087294900933029e-06,9.36633515876314e-06,1.4462666354334045e-06,1.4122608192748657e-06,0.999999999538033,6.191608735421727e-11,5.901582654574447e-11
188,1414.865136840831,0.0005278242169879377,188.0,0.0,long,4,4240,1410.9101007497559,1410.9309109298442,236.0,199.0,900.0,-2.406976521680165e-05,1.9576657851868447e-06,1.9089392547921934e-06,1.5925102365757202e-05,1.7515216453317586e-06,1.7087294900933029e-06,9.36633515876314e-06,1.4462666354334045e-06,1.4122608192748657e-06,0.999999999538033,6.191608735421727e-11,5.901582654574447e-11
189,1414.8859701656665,0.0005281119956634939,189.0,0.0,long,4,4240,1410.9101007497559,1410.9309109298442,236.0,199.0,900.0,-2.406976521680165e-05,1.9576657851868447e-06,1.9089392547921934e-06,1.5925102365757202e-05,1.7515216453317586e-06,1.7087294900933029e-06,9.36633515876314e-06,1.4462666354334045e-06,1.4122608192748657e-06,0.999999999538033,6.191608735421727e-11,5.901582654574447e-11
190,1414.9068034905013,0.0005283995997160673,190.0,0.0,long,4,4240,1410.9101007497559,1410.9309109298442,236.0,199.0,900.0,-2.406976521680165e-05,1.9576657851868447e-06,1.9089392547921934e-06,1.5925102365757202e-05,1.7515216453317586e-06,1.7087294900933029e-06,9.36633515876314e-06,1.4462666354334045e-06,1.4122608192748657e-06,0.999999999538033,6.191608735421727e-11,5.901582654574447e-11
191,1414.9276368153364,0.0005286869709379971,191.0,0.0,long,4,4240,1410.9101007497559,1410.9309109298442,236.0,199.0,900.0,-2.406976521680165e-05,1.9576657851868447e-06,1.9089392547921934e-06,1.5925102365757202e-05,1.7515216453317586e-06,1.7087294900933029e-06,9.36633515876314e-06,1.4462666354334045e-06,1.4122608192748657e-06,0.999999999538033,6.191608735421727e-11,5.901582654574447e-11
192,1414.9484701401725,0.0005289741675369442,192.0,0.0,long,4,4240,1410.9101007497559,1410.9309109298442,236.0,199.0,900.0,-2.406976521680165e-05,1.9576657851868447e-06,1.9089392547921934e-06,1.5925102365757202e-05,1.7515216453317586e-06,1.7087294900933029e-06,9.36633515876314e-06,1.4462666354334045e-06,1.4122608192748657e-06,0.999999999538033,6.191608735421727e-11,5.901582654574447e-11
193,1414.9693034650077,0.0005292611313052475,193.0,0.0,long,4,4240,1410.9101007497559,1410.9309109298442,236.0,199.0,900.0,-2.406976521680165e-05,1.9576657851868447e-06,1.9089392547921934e-06,1.5925102365757202e-05,1.7515216453317586e-06,1.7087294900933029e-06,9.36633515876314e-06,1.4462666354334045e-06,1.4122608192748657e-06,0.999999999538033,6.191608735421727e-11,5.901582654574447e-11
194,1414.9901367898437,0.0005295478622429073,194.0,0.0,long,4,4240,1410.9101007497559,1410.9309109298442,236.0,199.0,900.0,-2.406976521680165e-05,1.9576657851868447e-06,1.9089392547921934e-06,1.5925102365757202e-05,1.7515216453317586e-06,1.7087294900933029e-06,9.36633515876314e-06,1.4462666354334045e-06,1.4122608192748657e-06,0.999999999538033,6.191608735421727e-11,5.901582654574447e-11
195,1415.0109701146794,0.0005298344185575843,195.0,0.0,long,4,4240,1410.9101007497559,1410.9309109298442,236.0,199.0,900.0,-2.406976521680165e-05,1.9576657851868447e-06,1.9089392547921934e-06,1.5925102365757202e-05,1.7515216453317586e-06,1.7087294900933029e-06,9.36633515876314e-06,1.4462666354334045e-06,1.4122608192748657e-06,0.999999999538033,6.191608735421727e-11,5.901582654574447e-11
196,1415.031803439515,0.0005301206838339567,196.0,0.0,long,4,4240,1410.9101007497559,1410.9309109298442,236.0,199.0,900.0,-2.406976521680165e-05,1.9576657851868447e-06,1.9089392547921934e-06,1.5925102365757202e-05,1.7515216453317586e-06,1.7087294900933029e-06,9.36633515876314e-06,1.4462666354334045e-06,1.4122608192748657e-06,0.999999999538033,6.191608735421727e-11,5.901582654574447e-11
197,1415.0526367643506,0.0005304067744873464,197.0,0.0,long,4,4240,1410.9101007497559,1410.9309109298442,236.0,199.0,900.0,-2.406976521680165e-05,1.9576657851868447e-06,1.9089392547921934e-06,1.5925102365757202e-05,1.7515216453317586e-06,1.7087294900933029e-06,9.36633515876314e-06,1.4462666354334045e-06,1.4122608192748657e-06,0.999999999538033,6.191608735421727e-11,5.901582654574447e-11
198,1415.0734700891867,0.0005306926905177534,198.0,0.0,long,4,4240,1410.9101007497559,1410.9309109298442,236.0,199.0,900.0,-2.406976521680165e-05,1.9576657851868447e-06,1.9089392547921934e-06,1.5925102365757202e-05,1.7515216453317586e-06,1.7087294900933029e-06,9.36633515876314e-06,1.4462666354334045e-06,1.4122608192748657e-06,0.999999999538033,6.191608735421727e-11,5.901582654574447e-11
199,1415.0943034140214,0.0005309783155098557,199.0,0.0,long,4,4240,1410.9101007497559,1410.9309109298442,236.0,199.0,900.0,-2.406976521680165e-05,1.9576657851868447e-06,1.9089392547921934e-06,1.5925102365757202e-05,1.7515216453317586e-06,1.7087294900933029e-06,9.36633515876314e-06,1.4462666354334045e-06,1.4122608192748657e-06,0.999999999538033,6.191608735421727e-11,5.901582654574447e-11
200,1415.115136738857,0.0005312637658789754,200.0,0.0,long,4,4240,1410.9101007497559,1410.9309109298442,236.0,199.0,900.0,-2.406976521680165e-05,1.9576657851868447e-06,1.9089392547921934e-06,1.5925102365757202e-05,1.7515216453317586e-06,1.7087294900933029e-06,9.36633515876314e-06,1.4462666354334045e-06,1.4122608192748657e-06,0.999999999538033,6.191608735421727e-11,5.901582654574447e-11
201,1415.1359700636926,0.0005315489834174514,201.0,0.0,long,4,4240,1410.9101007497559,1410.9309109298442,236.0,199.0,900.0,-2.406976521680165e-05,1.9576657851868447e-06,1.9089392547921934e-06,1.5925102365757202e-05,1.7515216453317586e-06,1.7087294900933029e-06,9.36633515876314e-06,1.4462666354334045e-06,1.4122608192748657e-06,0.999999999538033,6.191608735421727e-11,5.901582654574447e-11
202,1415.1568033885287,0.0005318340263329446,202.0,0.0,long,4,4240,1410.9101007497559,1410.9309109298442,236.0,199.0,900.0,-2.406976521680165e-05,1.9576657851868447e-06,1.9089392547921934e-06,1.5925102365757202e-05,1.7515216453317586e-06,1.7087294900933029e-06,9.36633515876314e-06,1.4462666354334045e-06,1.4122608192748657e-06,0.999999999538033,6.191608735421727e-11,5.901582654574447e-11
203,1415.1776367133639,0.0005321187782101333,203.0,0.0,long,4,4240,1410.9101007497559,1410.9309109298442,236.0,199.0,900.0,-2.406976521680165e-05,1.9576657851868447e-06,1.9089392547921934e-06,1.5925102365757202e-05,1.7515216453317586e-06,1.7087294900933029e-06,9.36633515876314e-06,1.4462666354334045e-06,1.4122608192748657e-06,0.999999999538033,6.191608735421727e-11,5.901582654574447e-11
204,1415.1984700381995,0.0005324033554643393,204.0,0.0,long,4,4240,1410.9101007497559,1410.9309109298442,236.0,199.0,900.0,-2.406976521680165e-05,1.9576657851868447e-06,1.9089392547921934e-06,1.5925102365757202e-05,1.7515216453317586e-06,1.7087294900933029e-06,9.36633515876314e-06,1.4462666354334045e-06,1.4122608192748657e-06,0.999999999538033,6.191608735421727e-11,5.901582654574447e-11
205,1415.2193033630351,0.0005326876998879015,205.0,0.0,long,4,4240,1410.9101007497559,1410.9309109298442,236.0,199.0,900.0,-2.406976521680165e-05,1.9576657851868447e-06,1.9089392547921934e-06,1.5925102365757202e-05,1.7515216453317586e-06,1.7087294900933029e-06,9.36633515876314e-06,1.4462666354334045e-06,1.4122608192748657e-06,0.999999999538033,6.191608735421727e-11,5.901582654574447e-11
206,1415.2401366878703,0.0005329718696884811,206.0,0.0,long,4,4240,1410.9101007497559,1410.9309109298442,236.0,199.0,900.0,-2.406976521680165e-05,1.9576657851868447e-06,1.9089392547921934e-06,1.5925102365757202e-05,1.7515216453317586e-06,1.7087294900933029e-06,9.36633515876314e-06,1.4462666354334045e-06,1.4122608192748657e-06,0.999999999538033,6.191608735421727e-11,5.901582654574447e-11
207,1415.2609700127064,0.0005332557484507561,207.0,0.0,long,4,4240,1410.9101007497559,1410.9309109298442,236.0,199.0,900.0,-2.406976521680165e-05,1.9576657851868447e-06,1.9089392547921934e-06,1.5925102365757202e-05,1.7515216453317586e-06,1.7087294900933029e-06,9.36633515876314e-06,1.4462666354334045e-06,1.4122608192748657e-06,0.999999999538033,6.191608735421727e-11,5.901582654574447e-11
208,1415.2818033375415,0.0005335394525900483,208.0,0.0,long,4,4240,1410.9101007497559,1410.9309109298442,236.0,199.0,900.0,-2.406976521680165e-05,1.9576657851868447e-06,1.9089392547921934e-06,1.5925102365757202e-05,1.7515216453317586e-06,1.7087294900933029e-06,9.36633515876314e-06,1.4462666354334045e-06,1.4122608192748657e-06,0.999999999538033,6.191608735421727e-11,5.901582654574447e-11
209,1415.3026366623776,0.0005338229238986969,209.0,0.0,long,4,4240,1410.9101007497559,1410.9309109298442,236.0,199.0,900.0,-2.406976521680165e-05,1.9576657851868447e-06,1.9089392547921934e-06,1.5925102365757202e-05,1.7515216453317586e-06,1.7087294900933029e-06,9.36633515876314e-06,1.4462666354334045e-06,1.4122608192748657e-06,0.999999999538033,6.191608735421727e-11,5.901582654574447e-11
210,1415.3234699872132,0.0005341061623767018,210.0,0.0,long,4,4240,1410.9101007497559,1410.9309109298442,236.0,199.0,900.0,-2.406976521680165e-05,1.9576657851868447e-06,1.9089392547921934e-06,1.5925102365757202e-05,1.7515216453317586e-06,1.7087294900933029e-06,9.36633515876314e-06,1.4462666354334045e-06,1.4122608192748657e-06,0.999999999538033,6.191608735421727e-11,5.901582654574447e-11
211,1415.3443033120493,0.000534389226231724,211.0,0.0,long,4,4240,1410.9101007497559,1410.9309109298442,236.0,199.0,900.0,-2.406976521680165e-05,1.9576657851868447e-06,1.9089392547921934e-06,1.5925102365757202e-05,1.7515216453317586e-06,1.7087294900933029e-06,9.36633515876314e-06,1.4462666354334045e-06,1.4122608192748657e-06,0.999999999538033,6.191608735421727e-11,5.901582654574447e-11
212,1415.3651366368845,0.0005346719990484416,212.0,0.0,long,4,4240,1410.9101007497559,1410.9309109298442,236.0,199.0,900.0,-2.406976521680165e-05,1.9576657851868447e-06,1.9089392547921934e-06,1.5925102365757202e-05,1.7515216453317586e-06,1.7087294900933029e-06,9.36633515876314e-06,1.4462666354334045e-06,1.4122608192748657e-06,0.999999999538033,6.191608735421727e-11,5.901582654574447e-11
213,1415.38596996172,0.0005349545972421765,213.0,0.0,long,4,4240,1410.9101007497559,1410.9309109298442,236.0,199.0,900.0,-2.406976521680165e-05,1.9576657851868447e-06,1.9089392547921934e-06,1.5925102365757202e-05,1.7515216453317586e-06,1.7087294900933029e-06,9.36633515876314e-06,1.4462666354334045e-06,1.4122608192748657e-06,0.999999999538033,6.191608735421727e-11,5.901582654574447e-11
214,1415.4068032865553,0.0005352369626052678,214.0,0.0,long,4,4240,1410.9101007497559,1410.9309109298442,236.0,199.0,900.0,-2.406976521680165e-05,1.9576657851868447e-06,1.9089392547921934e-06,1.5925102365757202e-05,1.7515216453317586e-06,1.7087294900933029e-06,9.36633515876314e-06,1.4462666354334045e-06,1.4122608192748657e-06,0.999999999538033,6.191608735421727e-11,5.901582654574447e-11
215,1415.4276366113904,0.0005355190951377153,215.0,0.0,long,4,4240,1410.9101007497559,1410.9309109298442,236.0,199.0,900.0,-2.406976521680165e-05,1.9576657851868447e-06,1.9089392547921934e-06,1.5925102365757202e-05,1.7515216453317586e-06,1.7087294900933029e-06,9.36633515876314e-06,1.4462666354334045e-06,1.4122608192748657e-06,0.999999999538033,6.191608735421727e-11,5.901582654574447e-11
216,1415.448469936226,0.0005358010530471802,216.0,0.0,long,4,4240,1410.9101007497559,1410.9309109298442,236.0,199.0,900.0,-2.406976521680165e-05,1.9576657851868447e-06,1.9089392547921934e-06,1.5925102365757202e-05,1.7515216453317586e-06,1.7087294900933029e-06,9.36633515876314e-06,1.4462666354334045e-06,1.4122608192748657e-06,0.999999999538033,6.191608735421727e-11,5.901582654574447e-11
217,1415.4693032610612,0.0005360827199183404,217.0,0.0,long,4,4240,1410.9101007497559,1410.9309109298442,236.0,199.0,900.0,-2.406976521680165e-05,1.9576657851868447e-06,1.9089392547921934e-06,1.5925102365757202e-05,1.7515216453317586e-06,1.7087294900933029e-06,9.36633515876314e-06,1.4462666354334045e-06,1.4122608192748657e-06,0.999999999538033,6.191608735421727e-11,5.901582654574447e-11
218,1415.4901365858973,0.000536364212166518,218.0,0.0,long,4,4240,1410.9101007497559,1410.9309109298442,236.0,199.0,900.0,-2.406976521680165e-05,1.9576657851868447e-06,1.9089392547921934e-06,1.5925102365757202e-05,1.7515216453317586e-06,1.7087294900933029e-06,9.36633515876314e-06,1.4462666354334045e-06,1.4122608192748657e-06,0.999999999538033,6.191608735421727e-11,5.901582654574447e-11
219,1415.510969910733,0.0005366454715840518,219.0,0.0,long,4,4240,1410.9101007497559,1410.9309109298442,236.0,199.0,900.0,-2.406976521680165e-05,1.9576657851868447e-06,1.9089392547921934e-06,1.5925102365757202e-05,1.7515216453317586e-06,1.7087294900933029e-06,9.36633515876314e-06,1.4462666354334045e-06,1.4122608192748657e-06,0.999999999538033,6.191608735421727e-11,5.901582654574447e-11
220,1415.5318032355688,0.0005369264981709421,220.0,0.0,long,4,4240,1410.9101007497559,1410.9309109298442,236.0,199.0,900.0,-2.406976521680165e-05,1.9576657851868447e-06,1.9089392547921934e-06,1.5925102365757202e-05,1.7515216453317586e-06,1.7087294900933029e-06,9.36633515876314e-06,1.4462666354334045e-06,1.4122608192748657e-06,0.999999999538033,6.191608735421727e-11,5.901582654574447e-11
221,1415.5526365604042,0.0005372072919271886,221.0,0.0,long,4,4240,1410.9101007497559,1410.9309109298442,236.0,199.0,900.0,-2.406976521680165e-05,1.9576657851868447e-06,1.9089392547921934e-06,1.5925102365757202e-05,1.7515216453317586e-06,1.7087294900933029e-06,9.36633515876314e-06,1.4462666354334045e-06,1.4122608192748657e-06,0.999999999538033,6.191608735421727e-11,5.901582654574447e-11
222,1415.5734698852398,0.0005374878528527915,222.0,0.0,long,4,4240,1410.9101007497559,1410.9309109298442,236.0,199.0,900.0,-2.406976521680165e-05,1.9576657851868447e-06,1.9089392547921934e-06,1.5925102365757202e-05,1.7515216453317586e-06,1.7087294900933029e-06,9.36633515876314e-06,1.4462666354334045e-06,1.4122608192748657e-06,0.999999999538033,6.191608735421727e-11,5.901582654574447e-11
223,1415.5943032100754,0.0005377682391554117,223.0,0.0,long,4,4240,1410.9101007497559,1410.9309109298442,236.0,199.0,900.0,-2.406976521680165e-05,1.9576657851868447e-06,1.9089392547921934e-06,1.5925102365757202e-05,1.7515216453317586e-06,1.7087294900933029e-06,9.36633515876314e-06,1.4462666354334045e-06,1.4122608192748657e-06,0.999999999538033,6.191608735421727e-11,5.901582654574447e-11
224,1415.6151365349106,0.0005380483344197273,224.0,0.0,long,4,4240,1410.9101007497559,1410.9309109298442,236.0,199.0,900.0,-2.406976521680165e-05,1.9576657851868447e-06,1.9089392547921934e-06,1.5925102365757202e-05,1.7515216453317586e-06,1.7087294900933029e-06,9.36633515876314e-06,1.4462666354334045e-06,1.4122608192748657e-06,0.999999999538033,6.191608735421727e-11,5.901582654574447e-11
225,1415.635969859747,0.0005383282550610602,225.0,0.0,long,4,4240,1410.9101007497559,1410.9309109298442,236.0,199.0,900.0,-2.406976521680165e-05,1.9576657851868447e-06,1.9089392547921934e-06,1.5925102365757202e-05,1.7515216453317586e-06,1.7087294900933029e-06,9.36633515876314e-06,1.4462666354334045e-06,1.4122608192748657e-06,0.999999999538033,6.191608735421727e-11,5.901582654574447e-11
226,1415.6568031845827,0.0005386079428717494,226.0,0.0,long,4,4240,1410.9101007497559,1410.9309109298442,236.0,199.0,900.0,-2.406976521680165e-05,1.9576657851868447e-06,1.9089392547921934e-06,1.5925102365757202e-05,1.7515216453317586e-06,1.7087294900933029e-06,9.36633515876314e-06,1.4462666354334045e-06,1.4122608192748657e-06,0.999999999538033,6.191608735421727e-11,5.901582654574447e-11
227,1415.6776365094183,0.000538887339644134,227.0,0.0,long,4,4240,1410.9101007497559,1410.9309109298442,236.0,199.0,900.0,-2.406976521680165e-05,1.9576657851868447e-06,1.9089392547921934e-06,1.5925102365757202e-05,1.7515216453317586e-06,1.7087294900933029e-06,9.36633515876314e-06,1.4462666354334045e-06,1.4122608192748657e-06,0.999999999538033,6.191608735421727e-11,5.901582654574447e-11
228,1415.698469834253,0.000539166561793536,228.0,0.0,long,4,4240,1410.9101007497559,1410.9309109298442,236.0,199.0,900.0,-2.406976521680165e-05,1.9576657851868447e-06,1.9089392547921934e-06,1.5925102365757202e-05,1.7515216453317586e-06,1.7087294900933029e-06,9.36633515876314e-06,1.4462666354334045e-06,1.4122608192748657e-06,0.999999999538033,6.191608735421727e-11,5.901582654574447e-11
229,1415.7193031590891,0.0005394456093199551,229.0,0.0,long,4,4240,1410.9101007497559,1410.9309109298442,236.0,199.0,900.0,-2.406976521680165e-05,1.9576657851868447e-06,1.9089392547921934e-06,1.5925102365757202e-05,1.7515216453317586e-06,1.7087294900933029e-06,9.36633515876314e-06,1.4462666354334045e-06,1.4122608192748657e-06,0.999999999538033,6.191608735421727e-11,5.901582654574447e-11
230,1415.7401364839243,0.0005397243658080697,230.0,0.0,long,4,4240,1410.9101007497559,1410.9309109298442,236.0,199.0,900.0,-2.406976521680165e-05,1.9576657851868447e-06,1.9089392547921934e-06,1.5925102365757202e-05,1.7515216453317586e-06,1.7087294900933029e-06,9.36633515876314e-06,1.4462666354334045e-06,1.4122608192748657e-06,0.999999999538033,6.191608735421727e-11,5.901582654574447e-11
231,1415.7609698087604,0.0005400028894655406,231.0,0.0,long,4,4240,1410.9101007497559,1410.9309109298442,236.0,199.0,900.0,-2.406976521680165e-05,1.9576657851868447e-06,1.9089392547921934e-06,1.5925102365757202e-05,1.7515216453317586e-06,1.7087294900933029e-06,9.36633515876314e-06,1.4462666354334045e-06,1.4122608192748657e-06,0.999999999538033,6.191608735421727e-11,5.901582654574447e-11
232,1415.7818031335962,0.0005402811802923679,232.0,0.0,long,4,4240,1410.9101007497559,1410.9309109298442,236.0,199.0,900.0,-2.406976521680165e-05,1.9576657851868447e-06,1.9089392547921934e-06,1.5925102365757202e-05,1.7515216453317586e-06,1.7087294900933029e-06,9.36633515876314e-06,1.4462666354334045e-06,1.4122608192748657e-06,0.999999999538033,6.191608735421727e-11,5.901582654574447e-11
233,1415.802636458432,0.0005405592964962125,233.0,0.0,long,4,4240,1410.9101007497559,1410.9309109298442,236.0,199.0,900.0,-2.406976521680165e-05,1.9576657851868447e-06,1.9089392547921934e-06,1.5925102365757202e-05,1.7515216453317586e-06,1.7087294900933029e-06,9.36633515876314e-06,1.4462666354334045e-06,1.4122608192748657e-06,0.999999999538033,6.191608735421727e-11,5.901582654574447e-11
234,1415.8234697832677,0.0005408371216617525,234.0,0.0,long,4,4240,1410.9101007497559,1410.9309109298442,236.0,199.0,900.0,-2.406976521680165e-05,1.9576657851868447e-06,1.9089392547921934e-06,1.5925102365757202e-05,1.7515216453317586e-06,1.7087294900933029e-06,9.36633515876314e-06,1.4462666354334045e-06,1.4122608192748657e-06,0.999999999538033,6.191608735421727e-11,5.901582654574447e-11
235,1415.8443031081033,0.0005411147722043097,235.0,0.0,long,4,4240,1410.9101007497559,1410.9309109298442,236.0,199.0,900.0,-2.406976521680165e-05,1.9576657851868447e-06,1.9089392547921934e-06,1.5925102365757202e-05,1.7515216453317586e-06,1.7087294900933029e-06,9.36633515876314e-06,1.4462666354334045e-06,1.4122608192748657e-06,0.999999999538033,6.191608735421727e-11,5.901582654574447e-11
236,1415.8651364329385,0.0005413921899162233,236.0,0.0,long,4,4240,1410.9101007497559,1410.9309109298442,236.0,199.0,900.0,-2.406976521680165e-05,1.9576657851868447e-06,1.9089392547921934e-06,1.5925102365757202e-05,1.7515216453317586e-06,1.7087294900933029e-06,9.36633515876314e-06,1.4462666354334045e-06,1.4122608192748657e-06,0.999999999538033,6.191608735421727e-11,5.901582654574447e-11
237,1415.8859697577745,0.0005416693165898323,237.0,0.0,long,4,4240,1410.9101007497559,1410.9309109298442,236.0,199.0,900.0,-2.406976521680165e-05,1.9576657851868447e-06,1.9089392547921934e-06,1.5925102365757202e-05,1.7515216453317586e-06,1.7087294900933029e-06,9.36633515876314e-06,1.4462666354334045e-06,1.4122608192748657e-06,0.999999999538033,6.191608735421727e-11,5.901582654574447e-11
238,1415.9068030826102,0.0005419462686404586,238.0,0.0,long,4,4240,1410.9101007497559,1410.9309109298442,236.0,199.0,900.0,-2.406976521680165e-05,1.9576657851868447e-06,1.9089392547921934e-06,1.5925102365757202e-05,1.7515216453317586e-06,1.7087294900933029e-06,9.36633515876314e-06,1.4462666354334045e-06,1.4122608192748657e-06,0.999999999538033,6.191608735421727e-11,5.901582654574447e-11
239,1415.9276364074462,0.0005422229878604412,239.0,0.0,long,4,4240,1410.9101007497559,1410.9309109298442,236.0,199.0,900.0,-2.406976521680165e-05,1.9576657851868447e-06,1.9089392547921934e-06,1.5925102365757202e-05,1.7515216453317586e-06,1.7087294900933029e-06,9.36633515876314e-06,1.4462666354334045e-06,1.4122608192748657e-06,0.999999999538033,6.191608735421727e-11,5.901582654574447e-11
240,1415.9484697322807,0.0005424994742497802,240.0,0.0,long,4,4240,1410.9101007497559,1410.9309109298442,236.0,199.0,900.0,-2.406976521680165e-05,1.9576657851868447e-06,1.9089392547921934e-06,1.5925102365757202e-05,1.7515216453317586e-06,1.7087294900933029e-06,9.36633515876314e-06,1.4462666354334045e-06,1.4122608192748657e-06,0.999999999538033,6.191608735421727e-11,5.901582654574447e-11
241,1415.9693030571163,0.0005427756696008146,241.0,0.0,long,4,4240,1410.9101007497559,1410.9309109298442,236.0,199.0,900.0,-2.406976521680165e-05,1.9576657851868447e-06,1.9089392547921934e-06,1.5925102365757202e-05,1.7515216453317586e-06,1.7087294900933029e-06,9.36633515876314e-06,1.4462666354334045e-06,1.4122608192748657e-06,0.999999999538033,6.191608735421727e-11,5.901582654574447e-11
242,1415.9901363819527,0.0005430516903288662,242.0,0.0,long,4,4240,1410.9101007497559,1410.9309109298442,236.0,199.0,900.0,-2.406976521680165e-05,1.9576657851868447e-06,1.9089392547921934e-06,1.5925102365757202e-05,1.7515216453317586e-06,1.7087294900933029e-06,9.36633515876314e-06,1.4462666354334045e-06,1.4122608192748657e-06,0.999999999538033,6.191608735421727e-11,5.901582654574447e-11
243,1416.0109697067878,0.0005433274782262743,243.0,0.0,long,4,4240,1410.9101007497559,1410.9309109298442,236.0,199.0,900.0,-2.406976521680165e-05,1.9576657851868447e-06,1.9089392547921934e-06,1.5925102365757202e-05,1.7515216453317586e-06,1.7087294900933029e-06,9.36633515876314e-06,1.4462666354334045e-06,1.4122608192748657e-06,0.999999999538033,6.191608735421727e-11,5.901582654574447e-11
244,1416.031803031624,0.0005436030332930386,244.0,0.0,long,4,4240,1410.9101007497559,1410.9309109298442,236.0,199.0,900.0,-2.406976521680165e-05,1.9576657851868447e-06,1.9089392547921934e-06,1.5925102365757202e-05,1.7515216453317586e-06,1.7087294900933029e-06,9.36633515876314e-06,1.4462666354334045e-06,1.4122608192748657e-06,0.999999999538033,6.191608735421727e-11,5.901582654574447e-11
245,1416.0526363564595,0.0005438783555291593,245.0,0.0,long,4,4240,1410.9101007497559,1410.9309109298442,236.0,199.0,900.0,-2.406976521680165e-05,1.9576657851868447e-06,1.9089392547921934e-06,1.5925102365757202e-05,1.7515216453317586e-06,1.7087294900933029e-06,9.36633515876314e-06,1.4462666354334045e-06,1.4122608192748657e-06,0.999999999538033,6.191608735421727e-11,5.901582654574447e-11
246,1416.0734696812951,0.0005441534449346364,246.0,0.0,long,4,4240,1410.9101007497559,1410.9309109298442,236.0,199.0,900.0,-2.406976521680165e-05,1.9576657851868447e-06,1.9089392547921934e-06,1.5925102365757202e-05,1.7515216453317586e-06,1.7087294900933029e-06,9.36633515876314e-06,1.4462666354334045e-06,1.4122608192748657e-06,0.999999999538033,6.191608735421727e-11,5.901582654574447e-11
247,1416.094303006131,0.0005444283015094697,247.0,0.0,long,4,4240,1410.9101007497559,1410.9309109298442,236.0,199.0,900.0,-2.406976521680165e-05,1.9576657851868447e-06,1.9089392547921934e-06,1.5925102365757202e-05,1.7515216453317586e-06,1.7087294900933029e-06,9.36633515876314e-06,1.4462666354334045e-06,1.4122608192748657e-06,0.999999999538033,6.191608735421727e-11,5.901582654574447e-11
248,1416.1151363309664,0.0005447029252536595,248.0,0.0,long,4,4240,1410.9101007497559,1410.9309109298442,236.0,199.0,900.0,-2.406976521680165e-05,1.9576657851868447e-06,1.9089392547921934e-06,1.5925102365757202e-05,1.7515216453317586e-06,1.7087294900933029e-06,9.36633515876314e-06,1.4462666354334045e-06,1.4122608192748657e-06,0.999999999538033,6.191608735421727e-11,5.901582654574447e-11
249,1416.1359696558018,0.0005449773161672056,249.0,0.0,long,4,4240,1410.9101007497559,1410.9309109298442,236.0,199.0,900.0,-2.406976521680165e-05,1.9576657851868447e-06,1.9089392547921934e-06,1.5925102365757202e-05,1.7515216453317586e-06,1.7087294900933029e-06,9.36633515876314e-06,1.4462666354334045e-06,1.4122608192748657e-06,0.999999999538033,6.191608735421727e-11,5.901582654574447e-11
250,1416.1568029806372,0.000545251474250108,250.0,0.0,long,4,4240,1410.9101007497559,1410.9309109298442,236.0,199.0,900.0,-2.406976521680165e-05,1.9576657851868447e-06,1.9089392547921934e-06,1.5925102365757202e-05,1.7515216453317586e-06,1.7087294900933029e-06,9.36633515876314e-06,1.4462666354334045e-06,1.4122608192748657e-06,0.999999999538033,6.191608735421727e-11,5.901582654574447e-11
251,1416.1776363054732,0.0005455253412947059,251.0,0.0,long,4,4240,1410.9101007497559,1410.9309109298442,236.0,199.0,900.0,-2.406976521680165e-05,1.9576657851868447e-06,1.9089392547921934e-06,1.5925102365757202e-05,1.7515216453317586e-06,1.7087294900933029e-06,9.36633515876314e-06,1.4462666354334045e-06,1.4122608192748657e-06,0.999999999538033,6.191608735421727e-11,5.901582654574447e-11
252,1416.1984696303093,0.000545799033716321,252.0,0.0,long,4,4240,1410.9101007497559,1410.9309109298442,236.0,199.0,900.0,-2.406976521680165e-05,1.9576657851868447e-06,1.9089392547921934e-06,1.5925102365757202e-05,1.7515216453317586e-06,1.7087294900933029e-06,9.36633515876314e-06,1.4462666354334045e-06,1.4122608192748657e-06,0.999999999538033,6.191608735421727e-11,5.901582654574447e-11
253,1416.2193029551445,0.0005460724933072925,253.0,0.0,long,4,4240,1410.9101007497559,1410.9309109298442,236.0,199.0,900.0,-2.406976521680165e-05,1.9576657851868447e-06,1.9089392547921934e-06,1.5925102365757202e-05,1.7515216453317586e-06,1.7087294900933029e-06,9.36633515876314e-06,1.4462666354334045e-06,1.4122608192748657e-06,0.999999999538033,6.191608735421727e-11,5.901582654574447e-11
254,1416.24013627998,0.0005463457200676203,254.0,0.0,long,4,4240,1410.9101007497559,1410.9309109298442,236.0,199.0,900.0,-2.406976521680165e-05,1.9576657851868447e-06,1.9089392547921934e-06,1.5925102365757202e-05,1.7515216453317586e-06,1.7087294900933029e-06,9.36633515876314e-06,1.4462666354334045e-06,1.4122608192748657e-06,0.999999999538033,6.191608735421727e-11,5.901582654574447e-11
255,1416.2609696048166,0.0005466186557896435,255.0,0.0,long,4,4240,1410.9101007497559,1410.9309109298442,236.0,199.0,900.0,-2.406976521680165e-05,1.9576657851868447e-06,1.9089392547921934e-06,1.5925102365757202e-05,1.7515216453317586e-06,1.7087294900933029e-06,9.36633515876314e-06,1.4462666354334045e-06,1.4122608192748657e-06,0.999999999538033,6.191608735421727e-11,5.901582654574447e-11
256,1416.281802929652,0.000546891416888684,256.0,0.0,long,4,4240,1410.9101007497559,1410.9309109298442,236.0,199.0,900.0,-2.406976521680165e-05,1.9576657851868447e-06,1.9089392547921934e-06,1.5925102365757202e-05,1.7515216453317586e-06,1.7087294900933029e-06,9.36633515876314e-06,1.4462666354334045e-06,1.4122608192748657e-06,0.999999999538033,6.191608735421727e-11,5.901582654574447e-11
257,1416.3026362544874,0.00054716388694942,257.0,0.0,long,4,4240,1410.9101007497559,1410.9309109298442,236.0,199.0,900.0,-2.406976521680165e-05,1.9576657851868447e-06,1.9089392547921934e-06,1.5925102365757202e-05,1.7515216453317586e-06,1.7087294900933029e-06,9.36633515876314e-06,1.4462666354334045e-06,1.4122608192748657e-06,0.999999999538033,6.191608735421727e-11,5.901582654574447e-11
258,1416.323469579323,0.0005474361823871732,258.0,0.0,long,4,4240,1410.9101007497559,1410.9309109298442,236.0,199.0,900.0,-2.406976521680165e-05,1.9576657851868447e-06,1.9089392547921934e-06,1.5925102365757202e-05,1.7515216453317586e-06,1.7087294900933029e-06,9.36633515876314e-06,1.4462666354334045e-06,1.4122608192748657e-06,0.999999999538033,6.191608735421727e-11,5.901582654574447e-11
259,1416.3443029041587,0.0005477081867866218,259.0,0.0,long,4,4240,1410.9101007497559,1410.9309109298442,236.0,199.0,900.0,-2.406976521680165e-05,1.9576657851868447e-06,1.9089392547921934e-06,1.5925102365757202e-05,1.7515216453317586e-06,1.7087294900933029e-06,9.36633515876314e-06,1.4462666354334045e-06,1.4122608192748657e-06,0.999999999538033,6.191608735421727e-11,5.901582654574447e-11
260,1416.3651362289943,0.0005479800165630877,260.0,0.0,long,4,4240,1410.9101007497559,1410.9309109298442,236.0,199.0,900.0,-2.406976521680165e-05,1.9576657851868447e-06,1.9089392547921934e-06,1.5925102365757202e-05,1.7515216453317586e-06,1.7087294900933029e-06,9.36633515876314e-06,1.4462666354334045e-06,1.4122608192748657e-06,0.999999999538033,6.191608735421727e-11,5.901582654574447e-11
261,1416.3859695538308,0.000548251555301249,261.0,0.0,long,4,4240,1410.9101007497559,1410.9309109298442,236.0,199.0,900.0,-2.406976521680165e-05,1.9576657851868447e-06,1.9089392547921934e-06,1.5925102365757202e-05,1.7515216453317586e-06,1.7087294900933029e-06,9.36633515876314e-06,1.4462666354334045e-06,1.4122608192748657e-06,0.999999999538033,6.191608735421727e-11,5.901582654574447e-11
262,1416.406802878666,0.0005485228612087667,262.0,0.0,long,4,4240,1410.9101007497559,1410.9309109298442,236.0,199.0,900.0,-2.406976521680165e-05,1.9576657851868447e-06,1.9089392547921934e-06,1.5925102365757202e-05,1.7515216453317586e-06,1.7087294900933029e-06,9.36633515876314e-06,1.4462666354334045e-06,1.4122608192748657e-06,0.999999999538033,6.191608735421727e-11,5.901582654574447e-11
263,1416.427636203502,0.0005487939342856407,263.0,0.0,long,4,4240,1410.9101007497559,1410.9309109298442,236.0,199.0,900.0,-2.406976521680165e-05,1.9576657851868447e-06,1.9089392547921934e-06,1.5925102365757202e-05,1.7515216453317586e-06,1.7087294900933029e-06,9.36633515876314e-06,1.4462666354334045e-06,1.4122608192748657e-06,0.999999999538033,6.191608735421727e-11,5.901582654574447e-11
264,1416.4484695283375,0.0005490647745318711,264.0,0.0,long,4,4240,1410.9101007497559,1410.9309109298442,236.0,199.0,900.0,-2.406976521680165e-05,1.9576657851868447e-06,1.9089392547921934e-06,1.5925102365757202e-05,1.7515216453317586e-06,1.7087294900933029e-06,9.36633515876314e-06,1.4462666354334045e-06,1.4122608192748657e-06,0.999999999538033,6.191608735421727e-11,5.901582654574447e-11
265,1416.4693028531728,0.0005493353237397969,265.0,0.0,long,4,4240,1410.9101007497559,1410.9309109298442,236.0,199.0,900.0,-2.406976521680165e-05,1.9576657851868447e-06,1.9089392547921934e-06,1.5925102365757202e-05,1.7515216453317586e-06,1.7087294900933029e-06,9.36633515876314e-06,1.4462666354334045e-06,1.4122608192748657e-06,0.999999999538033,6.191608735421727e-11,5.901582654574447e-11
266,1416.4901361780098,0.0005496056983247399,266.0,0.0,long,4,4240,1410.9101007497559,1410.9309109298442,236.0,199.0,900.0,-2.406976521680165e-05,1.9576657851868447e-06,1.9089392547921934e-06,1.5925102365757202e-05,1.7515216453317586e-06,1.7087294900933029e-06,9.36633515876314e-06,1.4462666354334045e-06,1.4122608192748657e-06,0.999999999538033,6.191608735421727e-11,5.901582654574447e-11
267,1416.5109695028439,0.0005498758400790393,267.0,0.0,long,4,4240,1410.9101007497559,1410.9309109298442,236.0,199.0,900.0,-2.406976521680165e-05,1.9576657851868447e-06,1.9089392547921934e-06,1.5925102365757202e-05,1.7515216453317586e-06,1.7087294900933029e-06,9.36633515876314e-06,1.4462666354334045e-06,1.4122608192748657e-06,0.999999999538033,6.191608735421727e-11,5.901582654574447e-11
268,1416.5318028276797,0.0005501456907950342,268.0,0.0,long,4,4240,1410.9101007497559,1410.9309109298442,236.0,199.0,900.0,-2.406976521680165e-05,1.9576657851868447e-06,1.9089392547921934e-06,1.5925102365757202e-05,1.7515216453317586e-06,1.7087294900933029e-06,9.36633515876314e-06,1.4462666354334045e-06,1.4122608192748657e-06,0.999999999538033,6.191608735421727e-11,5.901582654574447e-11
269,1416.5526361525162,0.0005504153086803854,269.0,0.0,long,4,4240,1410.9101007497559,1410.9309109298442,236.0,199.0,900.0,-2.406976521680165e-05,1.9576657851868447e-06,1.9089392547921934e-06,1.5925102365757202e-05,1.7515216453317586e-06,1.7087294900933029e-06,9.36633515876314e-06,1.4462666354334045e-06,1.4122608192748657e-06,0.999999999538033,6.191608735421727e-11,5.901582654574447e-11
270,1416.5734694773514,0.0005506846937350929,270.0,0.0,long,4,4240,1410.9101007497559,1410.9309109298442,236.0,199.0,900.0,-2.406976521680165e-05,1.9576657851868447e-06,1.9089392547921934e-06,1.5925102365757202e-05,1.7515216453317586e-06,1.7087294900933029e-06,9.36633515876314e-06,1.4462666354334045e-06,1.4122608192748657e-06,0.999999999538033,6.191608735421727e-11,5.901582654574447e-11
271,1416.594302802187,0.0005509538459591568,271.0,0.0,long,4,4240,1410.9101007497559,1410.9309109298442,236.0,199.0,900.0,-2.406976521680165e-05,1.9576657851868447e-06,1.9089392547921934e-06,1.5925102365757202e-05,1.7515216453317586e-06,1.7087294900933029e-06,9.36633515876314e-06,1.4462666354334045e-06,1.4122608192748657e-06,0.999999999538033,6.191608735421727e-11,5.901582654574447e-11
272,1416.6151361270227,0.000551222765352577,272.0,0.0,long,4,4240,1410.9101007497559,1410.9309109298442,236.0,199.0,900.0,-2.406976521680165e-05,1.9576657851868447e-06,1.9089392547921934e-06,1.5925102365757202e-05,1.7515216453317586e-06,1.7087294900933029e-06,9.36633515876314e-06,1.4462666354334045e-06,1.4122608192748657e-06,0.999999999538033,6.191608735421727e-11,5.901582654574447e-11
273,1416.6359694518583,0.0005514913937076926,273.0,0.0,long,4,4240,1410.9101007497559,1410.9309109298442,236.0,199.0,900.0,-2.406976521680165e-05,1.9576657851868447e-06,1.9089392547921934e-06,1.5925102365757202e-05,1.7515216453317586e-06,1.7087294900933029e-06,9.36633515876314e-06,1.4462666354334045e-06,1.4122608192748657e-06,0.999999999538033,6.191608735421727e-11,5.901582654574447e-11
274,1416.656802776694,0.0005517598474398255,274.0,0.0,long,4,4240,1410.9101007497559,1410.9309109298442,236.0,199.0,900.0,-2.406976521680165e-05,1.9576657851868447e-06,1.9089392547921934e-06,1.5925102365757202e-05,1.7515216453317586e-06,1.7087294900933029e-06,9.36633515876314e-06,1.4462666354334045e-06,1.4122608192748657e-06,0.999999999538033,6.191608735421727e-11,5.901582654574447e-11
275,1416.67763610153,0.0005520280101336539,275.0,0.0,long,4,4240,1410.9101007497559,1410.9309109298442,236.0,199.0,900.0,-2.406976521680165e-05,1.9576657851868447e-06,1.9089392547921934e-06,1.5925102365757202e-05,1.7515216453317586e-06,1.7087294900933029e-06,9.36633515876314e-06,1.4462666354334045e-06,1.4122608192748657e-06,0.999999999538033,6.191608735421727e-11,5.901582654574447e-11
276,1416.6984694263656,0.0005522959399968386,276.0,0.0,long,4,4240,1410.9101007497559,1410.9309109298442,236.0,199.0,900.0,-2.406976521680165e-05,1.9576657851868447e-06,1.9089392547921934e-06,1.5925102365757202e-05,1.7515216453317586e-06,1.7087294900933029e-06,9.36633515876314e-06,1.4462666354334045e-06,1.4122608192748657e-06,0.999999999538033,6.191608735421727e-11,5.901582654574447e-11
277,1416.7193027512021,0.0005525636370293796,277.0,0.0,long,4,4240,1410.9101007497559,1410.9309109298442,236.0,199.0,900.0,-2.406976521680165e-05,1.9576657851868447e-06,1.9089392547921934e-06,1.5925102365757202e-05,1.7515216453317586e-06,1.7087294900933029e-06,9.36633515876314e-06,1.4462666354334045e-06,1.4122608192748657e-06,0.999999999538033,6.191608735421727e-11,5.901582654574447e-11
278,1416.7401360760368,0.000552831101231277,278.0,0.0,long,4,4240,1410.9101007497559,1410.9309109298442,236.0,199.0,900.0,-2.406976521680165e-05,1.9576657851868447e-06,1.9089392547921934e-06,1.5925102365757202e-05,1.7515216453317586e-06,1.7087294900933029e-06,9.36633515876314e-06,1.4462666354334045e-06,1.4122608192748657e-06,0.999999999538033,6.191608735421727e-11,5.901582654574447e-11
279,1416.7609694008725,0.0005530982743948698,279.0,0.0,long,4,4240,1410.9101007497559,1410.9309109298442,236.0,199.0,900.0,-2.406976521680165e-05,1.9576657851868447e-06,1.9089392547921934e-06,1.5925102365757202e-05,1.7515216453317586e-06,1.7087294900933029e-06,9.36633515876314e-06,1.4462666354334045e-06,1.4122608192748657e-06,0.999999999538033,6.191608735421727e-11,5.901582654574447e-11
280,1416.7818027257088,0.000553365214727819,280.0,0.0,long,4,4240,1410.9101007497559,1410.9309109298442,236.0,199.0,900.0,-2.406976521680165e-05,1.9576657851868447e-06,1.9089392547921934e-06,1.5925102365757202e-05,1.7515216453317586e-06,1.7087294900933029e-06,9.36633515876314e-06,1.4462666354334045e-06,1.4122608192748657e-06,0.999999999538033,6.191608735421727e-11,5.901582654574447e-11
281,1416.8026360505442,0.0005536319222301245,281.0,0.0,long,4,4240,1410.9101007497559,1410.9309109298442,236.0,199.0,900.0,-2.406976521680165e-05,1.9576657851868447e-06,1.9089392547921934e-06,1.5925102365757202e-05,1.7515216453317586e-06,1.7087294900933029e-06,9.36633515876314e-06,1.4462666354334045e-06,1.4122608192748657e-06,0.999999999538033,6.191608735421727e-11,5.901582654574447e-11
282,1416.8234693753802,0.0005538983969017863,282.0,0.0,long,4,4240,1410.9101007497559,1410.9309109298442,236.0,199.0,900.0,-2.406976521680165e-05,1.9576657851868447e-06,1.9089392547921934e-06,1.5925102365757202e-05,1.7515216453317586e-06,1.7087294900933029e-06,9.36633515876314e-06,1.4462666354334045e-06,1.4122608192748657e-06,0.999999999538033,6.191608735421727e-11,5.901582654574447e-11
283,1416.8443027002163,0.0005541645805351436,283.0,0.0,long,4,4240,1410.9101007497559,1410.9309109298442,236.0,199.0,900.0,-2.406976521680165e-05,1.9576657851868447e-06,1.9089392547921934e-06,1.5925102365757202e-05,1.7515216453317586e-06,1.7087294900933029e-06,9.36633515876314e-06,1.4462666354334045e-06,1.4122608192748657e-06,0.999999999538033,6.191608735421727e-11,5.901582654574447e-11
284,1416.8651360250515,0.0005544305895455182,284.0,0.0,long,4,4240,1410.9101007497559,1410.9309109298442,236.0,199.0,900.0,-2.406976521680165e-05,1.9576657851868447e-06,1.9089392547921934e-06,1.5925102365757202e-05,1.7515216453317586e-06,1.7087294900933029e-06,9.36633515876314e-06,1.4462666354334045e-06,1.4122608192748657e-06,0.999999999538033,6.191608735421727e-11,5.901582654574447e-11
285,1416.8859693498875,0.0005546963075175881,285.0,0.0,long,4,4240,1410.9101007497559,1410.9309109298442,236.0,199.0,900.0,-2.406976521680165e-05,1.9576657851868447e-06,1.9089392547921934e-06,1.5925102365757202e-05,1.7515216453317586e-06,1.7087294900933029e-06,9.36633515876314e-06,1.4462666354334045e-06,1.4122608192748657e-06,0.999999999538033,6.191608735421727e-11,5.901582654574447e-11
286,1416.9068026747232,0.0005549617344513535,286.0,0.0,long,4,4240,1410.9101007497559,1410.9309109298442,236.0,199.0,900.0,-2.406976521680165e-05,1.9576657851868447e-06,1.9089392547921934e-06,1.5925102365757202e-05,1.7515216453317586e-06,1.7087294900933029e-06,9.36633515876314e-06,1.4462666354334045e-06,1.4122608192748657e-06,0.999999999538033,6.191608735421727e-11,5.901582654574447e-11
287,1416.9276359995592,0.0005552269867621362,287.0,164.0,long,4,4240,1410.9101007497559,1410.930702596562,236.0,199.0,891.0,-2.40721824459348e-05,1.959174800097711e-06,1.910011573237685e-06,1.59249560255859e-05,1.7511027379215652e-06,1.7079093489850458e-06,9.3668403905255e-06,1.4326171635398136e-06,1.4079760436355052e-06,0.999999999537856,6.198874288523355e-11,5.90615972774039e-11
288,1416.9484693243949,0.0005554919480346143,288.0,164.0,long,4,4240,1410.9098924164737,1410.930702596562,236.0,199.0,900.0,-2.407382234667035e-05,1.95967316509031e-06,1.910984831246004e-06,1.5925102365757202e-05,1.7578350614016075e-06,1.7152155002628976e-06,9.36633515876314e-06,1.4294999535388404e-06,1.4050483516840584e-06,0.999999999538033,6.221849816317662e-11,5.933981672909281e-11
289,1416.9693026492305,0.0005557566764764488,289.0,0.0,long,4,4240,1410.9101007497559,1410.9309109298442,236.0,199.0,900.0,-2.406976521680165e-05,1.9576657851868447e-06,1.9089392547921934e-06,1.5925102365757202e-05,1.7515216453317586e-06,1.7087294900933029e-06,9.36633515876314e-06,1.4462666354334045e-06,1.4122608192748657e-06,0.999999999538033,6.191608735421727e-11,5.901582654574447e-11
290,1416.990135974067,0.0005560211138799787,290.0,128.0,long,4,4240,1410.9101007497559,1410.9309109298442,236.0,199.0,900.0,-2.406976521680165e-05,1.9576657851868447e-06,1.9089392547921934e-06,1.5925102365757202e-05,1.7515216453317586e-06,1.7087294900933029e-06,9.36633515876314e-06,1.4462666354334045e-06,1.4122608192748657e-06,0.999999999538033,6.191608735421727e-11,5.901582654574447e-11
291,1417.0109692989024,0.0005562853766605258,291.0,128.0,long,4,4240,1410.9101007497559,1410.9309109298442,236.0,199.0,900.0,-2.406976521680165e-05,1.9576657851868447e-06,1.9089392547921934e-06,1.5925102365757202e-05,1.7515216453317586e-06,1.7087294900933029e-06,9.36633515876314e-06,1.4462666354334045e-06,1.4122608192748657e-06,0.999999999538033,6.191608735421727e-11,5.901582654574447e-11
292,1417.0318026237378,0.0005565493484027684,292.0,128.0,long,4,4240,1410.9101007497559,1410.9309109298442,236.0,199.0,900.0,-2.406976521680165e-05,1.9576657851868447e-06,1.9089392547921934e-06,1.5925102365757202e-05,1.7515216453317586e-06,1.7087294900933029e-06,9.36633515876314e-06,1.4462666354334045e-06,1.4122608192748657e-06,0.999999999538033,6.191608735421727e-11,5.901582654574447e-11
293,1417.0526359485734,0.0005568130291067064,293.0,0.0,long,4,4240,1410.9101007497559,1410.9309109298442,236.0,199.0,900.0,-2.406976521680165e-05,1.9576657851868447e-06,1.9089392547921934e-06,1.5925102365757202e-05,1.7515216453317586e-06,1.7087294900933029e-06,9.36633515876314e-06,1.4462666354334045e-06,1.4122608192748657e-06,0.999999999538033,6.191608735421727e-11,5.901582654574447e-11
294,1417.0734692734088,0.0005570765351876616,294.0,128.0,long,4,4240,1410.9101007497559,1410.9309109298442,236.0,199.0,900.0,-2.406976521680165e-05,1.9576657851868447e-06,1.9089392547921934e-06,1.5925102365757202e-05,1.7515216453317586e-06,1.7087294900933029e-06,9.36633515876314e-06,1.4462666354334045e-06,1.4122608192748657e-06,0.999999999538033,6.191608735421727e-11,5.901582654574447e-11
295,1417.0943025982447,0.0005573397502303123,295.0,128.0,long,4,4240,1410.9101007497559,1410.9309109298442,236.0,199.0,900.0,-2.406976521680165e-05,1.9576657851868447e-06,1.9089392547921934e-06,1.5925102365757202e-05,1.7515216453317586e-06,1.7087294900933029e-06,9.36633515876314e-06,1.4462666354334045e-06,1.4122608192748657e-06,0.999999999538033,6.191608735421727e-11,5.901582654574447e-11
296,1417.1151359230807,0.0005576026742346585,296.0,128.0,long,4,4240,1410.9101007497559,1410.9309109298442,236.0,199.0,900.0,-2.406976521680165e-05,1.9576657851868447e-06,1.9089392547921934e-06,1.5925102365757202e-05,1.7515216453317586e-06,1.7087294900933029e-06,9.36633515876314e-06,1.4462666354334045e-06,1.4122608192748657e-06,0.999999999538033,6.191608735421727e-11,5.901582654574447e-11
297,1417.1359692479164,0.0005578654236160219,297.0,128.0,long,4,4240,1410.9101007497559,1410.9309109298442,236.0,199.0,900.0,-2.406976521680165e-05,1.9576657851868447e-06,1.9089392547921934e-06,1.5925102365757202e-05,1.7515216453317586e-06,1.7087294900933029e-06,9.36633515876314e-06,1.4462666354334045e-06,1.4122608192748657e-06,0.999999999538033,6.191608735421727e-11,5.901582654574447e-11
298,1417.156802572752,0.0005581278819590807,298.0,0.0,long,4,4240,1410.9101007497559,1410.9309109298442,236.0,199.0,900.0,-2.406976521680165e-05,1.9576657851868447e-06,1.9089392547921934e-06,1.5925102365757202e-05,1.7515216453317586e-06,1.7087294900933029e-06,9.36633515876314e-06,1.4462666354334045e-06,1.4122608192748657e-06,0.999999999538033,6.191608735421727e-11,5.901582654574447e-11
299,1417.1776358975883,0.000558390049263835,299.0,128.0,long,4,4240,1410.9101007497559,1410.9309109298442,236.0,199.0,900.0,-2.406976521680165e-05,1.9576657851868447e-06,1.9089392547921934e-06,1.5925102365757202e-05,1.7515216453317586e-06,1.7087294900933029e-06,9.36633515876314e-06,1.4462666354334045e-06,1.4122608192748657e-06,0.999999999538033,6.191608735421727e-11,5.901582654574447e-11
300,1417.1984692224241,0.0005586519837379456,300.0,0.0,long,4,4240,1410.9101007497559,1410.9309109298442,236.0,199.0,900.0,-2.406976521680165e-05,1.9576657851868447e-06,1.9089392547921934e-06,1.5925102365757202e-05,1.7515216453317586e-06,1.7087294900933029e-06,9.36633515876314e-06,1.4462666354334045e-06,1.4122608192748657e-06,0.999999999538033,6.191608735421727e-11,5.901582654574447e-11
301,1417.2193025472598,0.0005589136853814125,301.0,0.0,long,4,4240,1410.9101007497559,1410.9309109298442,236.0,199.0,900.0,-2.406976521680165e-05,1.9576657851868447e-06,1.9089392547921934e-06,1.5925102365757202e-05,1.7515216453317586e-06,1.7087294900933029e-06,9.36633515876314e-06,1.4462666354334045e-06,1.4122608192748657e-06,0.999999999538033,6.191608735421727e-11,5.901582654574447e-11
302,1417.2401358720958,0.0005591751541942358,302.0,0.0,long,4,4240,1410.9101007497559,1410.9309109298442,236.0,199.0,900.0,-2.406976521680165e-05,1.9576657851868447e-06,1.9089392547921934e-06,1.5925102365757202e-05,1.7515216453317586e-06,1.7087294900933029e-06,9.36633515876314e-06,1.4462666354334045e-06,1.4122608192748657e-06,0.999999999538033,6.191608735421727e-11,5.901582654574447e-11
303,1417.2609691969315,0.0005594363319687545,303.0,0.0,long,4,4240,1410.9101007497559,1410.9309109298442,236.0,199.0,900.0,-2.406976521680165e-05,1.9576657851868447e-06,1.9089392547921934e-06,1.5925102365757202e-05,1.7515216453317586e-06,1.7087294900933029e-06,9.36633515876314e-06,1.4462666354334045e-06,1.4122608192748657e-06,0.999999999538033,6.191608735421727e-11,5.901582654574447e-11
304,1417.2818025217673,0.0005596972187049687,304.0,128.0,long,4,4240,1410.9101007497559,1410.9309109298442,236.0,199.0,900.0,-2.406976521680165e-05,1.9576657851868447e-06,1.9089392547921934e-06,1.5925102365757202e-05,1.7515216453317586e-06,1.7087294900933029e-06,9.36633515876314e-06,1.4462666354334045e-06,1.4122608192748657e-06,0.999999999538033,6.191608735421727e-11,5.901582654574447e-11
305,1417.3026358466027,0.0005599579308182001,305.0,0.0,long,4,4240,1410.9101007497559,1410.9309109298442,236.0,199.0,900.0,-2.406976521680165e-05,1.9576657851868447e-06,1.9089392547921934e-06,1.5925102365757202e-05,1.7515216453317586e-06,1.7087294900933029e-06,9.36633515876314e-06,1.4462666354334045e-06,1.4122608192748657e-06,0.999999999538033,6.191608735421727e-11,5.901582654574447e-11
306,1417.3234691714392,0.000560218293685466,306.0,0.0,long,4,4240,1410.9101007497559,1410.9309109298442,236.0,199.0,900.0,-2.406976521680165e-05,1.9576657851868447e-06,1.9089392547921934e-06,1.5925102365757202e-05,1.7515216453317586e-06,1.7087294900933029e-06,9.36633515876314e-06,1.4462666354334045e-06,1.4122608192748657e-06,0.999999999538033,6.191608735421727e-11,5.901582654574447e-11
307,1417.344302496274,0.0005604784819297493,307.0,128.0,long,4,4240,1410.9101007497559,1410.9309109298442,236.0,199.0,900.0,-2.406976521680165e-05,1.9576657851868447e-06,1.9089392547921934e-06,1.5925102365757202e-05,1.7515216453317586e-06,1.7087294900933029e-06,9.36633515876314e-06,1.4462666354334045e-06,1.4122608192748657e-06,0.999999999538033,6.191608735421727e-11,5.901582654574447e-11
308,1417.36513582111,0.0005607383791357279,308.0,0.0,long,4,4240,1410.9101007497559,1410.9309109298442,236.0,199.0,900.0,-2.406976521680165e-05,1.9576657851868447e-06,1.9089392547921934e-06,1.5925102365757202e-05,1.7515216453317586e-06,1.7087294900933029e-06,9.36633515876314e-06,1.4462666354334045e-06,1.4122608192748657e-06,0.999999999538033,6.191608735421727e-11,5.901582654574447e-11
309,1417.385969145946,0.000560997985303402,309.0,0.0,long,4,4240,1410.9101007497559,1410.9309109298442,236.0,199.0,900.0,-2.406976521680165e-05,1.9576657851868447e-06,1.9089392547921934e-06,1.5925102365757202e-05,1.7515216453317586e-06,1.7087294900933029e-06,9.36633515876314e-06,1.4462666354334045e-06,1.4122608192748657e-06,0.999999999538033,6.191608735421727e-11,5.901582654574447e-11
310,1417.4068024707826,0.0005612839013338089,310.0,0.0,long,4,4240,1410.9101007497559,1410.9309109298442,236.0,199.0,900.0,-2.406976521680165e-05,1.9576657851868447e-06,1.9089392547921934e-06,1.5925102365757202e-05,1.7515216453317586e-06,1.7087294900933029e-06,9.36633515876314e-06,1.4462666354334045e-06,1.4122608192748657e-06,0.999999999538033,6.191608735421727e-11,5.901582654574447e-11
311,1417.4276357956182,0.0005615430418401957,311.0,0.0,long,4,4240,1410.9101007497559,1410.9309109298442,236.0,199.0,900.0,-2.406976521680165e-05,1.9576657851868447e-06,1.9089392547921934e-06,1.5925102365757202e-05,1.7515216453317586e-06,1.7087294900933029e-06,9.36633515876314e-06,1.4462666354334045e-06,1.4122608192748657e-06,0.999999999538033,6.191608735421727e-11,5.901582654574447e-11
312,1417.4484691204539,0.0005618018913082778,312.0,0.0,long,4,4240,1410.9101007497559,1410.9309109298442,236.0,199.0,900.0,-2.406976521680165e-05,1.9576657851868447e-06,1.9089392547921934e-06,1.5925102365757202e-05,1.7515216453317586e-06,1.7087294900933029e-06,9.36633515876314e-06,1.4462666354334045e-06,1.4122608192748657e-06,0.999999999538033,6.191608735421727e-11,5.901582654574447e-11
313,1417.4693024452895,0.0005620605079457164,313.0,0.0,long,4,4240,1410.9101007497559,1410.9309109298442,236.0,199.0,900.0,-2.406976521680165e-05,1.9576657851868447e-06,1.9089392547921934e-06,1.5925102365757202e-05,1.7515216453317586e-06,1.7087294900933029e-06,9.36633515876314e-06,1.4462666354334045e-06,1.4122608192748657e-06,0.999999999538033,6.191608735421727e-11,5.901582654574447e-11
314,1417.490135770126,0.0005623188335448503,314.0,0.0,long,4,4240,1410.9101007497559,1410.9309109298442,236.0,199.0,900.0,-2.406976521680165e-05,1.9576657851868447e-06,1.9089392547921934e-06,1.5925102365757202e-05,1.7515216453317586e-06,1.7087294900933029e-06,9.36633515876314e-06,1.4462666354334045e-06,1.4122608192748657e-06,0.999999999538033,6.191608735421727e-11,5.901582654574447e-11
315,1417.5109690949614,0.0005625768681056798,315.0,0.0,long,4,4240,1410.9101007497559,1410.9309109298442,236.0,199.0,900.0,-2.406976521680165e-05,1.9576657851868447e-06,1.9089392547921934e-06,1.5925102365757202e-05,1.7515216453317586e-06,1.7087294900933029e-06,9.36633515876314e-06,1.4462666354334045e-06,1.4122608192748657e-06,0.999999999538033,6.191608735421727e-11,5.901582654574447e-11
316,1417.5318024197968,0.0005628347280435264,316.0,0.0,long,4,4240,1410.9101007497559,1410.9309109298442,236.0,199.0,900.0,-2.406976521680165e-05,1.9576657851868447e-06,1.9089392547921934e-06,1.5925102365757202e-05,1.7515216453317586e-06,1.7087294900933029e-06,9.36633515876314e-06,1.4462666354334045e-06,1.4122608192748657e-06,0.999999999538033,6.191608735421727e-11,5.901582654574447e-11
317,1417.5526357446333,0.0005630922387354076,317.0,0.0,long,4,4240,1410.9101007497559,1410.9309109298442,236.0,199.0,900.0,-2.406976521680165e-05,1.9576657851868447e-06,1.9089392547921934e-06,1.5925102365757202e-05,1.7515216453317586e-06,1.7087294900933029e-06,9.36633515876314e-06,1.4462666354334045e-06,1.4122608192748657e-06,0.999999999538033,6.191608735421727e-11,5.901582654574447e-11
318,1417.573469069469,0.0005633495165966451,318.0,0.0,long,4,4240,1410.9101007497559,1410.9309109298442,236.0,199.0,900.0,-2.406976521680165e-05,1.9576657851868447e-06,1.9089392547921934e-06,1.5925102365757202e-05,1.7515216453317586e-06,1.7087294900933029e-06,9.36633515876314e-06,1.4462666354334045e-06,1.4122608192748657e-06,0.999999999538033,6.191608735421727e-11,5.901582654574447e-11
319,1417.5943023943032,0.000563606561627239,319.0,0.0,long,4,4240,1410.9101007497559,1410.9309109298442,236.0,199.0,900.0,-2.406976521680165e-05,1.9576657851868447e-06,1.9089392547921934e-06,1.5925102365757202e-05,1.7515216453317586e-06,1.7087294900933029e-06,9.36633515876314e-06,1.4462666354334045e-06,1.4122608192748657e-06,0.999999999538033,6.191608735421727e-11,5.901582654574447e-11
320,1417.6151357191397,0.0005638633156195283,320.0,0.0,long,4,4240,1410.9101007497559,1410.9309109298442,236.0,199.0,900.0,-2.406976521680165e-05,1.9576657851868447e-06,1.9089392547921934e-06,1.5925102365757202e-05,1.7515216453317586e-06,1.7087294900933029e-06,9.36633515876314e-06,1.4462666354334045e-06,1.4122608192748657e-06,0.999999999538033,6.191608735421727e-11,5.901582654574447e-11
321,1417.6359690439763,0.000564119778573513,321.0,0.0,long,4,4240,1410.9101007497559,1410.9309109298442,236.0,199.0,900.0,-2.406976521680165e-05,1.9576657851868447e-06,1.9089392547921934e-06,1.5925102365757202e-05,1.7515216453317586e-06,1.7087294900933029e-06,9.36633515876314e-06,1.4462666354334045e-06,1.4122608192748657e-06,0.999999999538033,6.191608735421727e-11,5.901582654574447e-11
322,1417.6568023688114,0.0005643760086968541,322.0,0.0,long,4,4240,1410.9101007497559,1410.9309109298442,236.0,199.0,900.0,-2.406976521680165e-05,1.9576657851868447e-06,1.9089392547921934e-06,1.5925102365757202e-05,1.7515216453317586e-06,1.7087294900933029e-06,9.36633515876314e-06,1.4462666354334045e-06,1.4122608192748657e-06,0.999999999538033,6.191608735421727e-11,5.901582654574447e-11
323,1417.677635693647,0.0005646319477818906,323.0,0.0,long,4,4240,1410.9101007497559,1410.9309109298442,236.0,199.0,900.0,-2.406976521680165e-05,1.9576657851868447e-06,1.9089392547921934e-06,1.5925102365757202e-05,1.7515216453317586e-06,1.7087294900933029e-06,9.36633515876314e-06,1.4462666354334045e-06,1.4122608192748657e-06,0.999999999538033,6.191608735421727e-11,5.901582654574447e-11
324,1417.6984690184836,0.0005648876540362835,324.0,0.0,long,4,4240,1410.9101007497559,1410.9309109298442,236.0,199.0,900.0,-2.406976521680165e-05,1.9576657851868447e-06,1.9089392547921934e-06,1.5925102365757202e-05,1.7515216453317586e-06,1.7087294900933029e-06,9.36633515876314e-06,1.4462666354334045e-06,1.4122608192748657e-06,0.999999999538033,6.191608735421727e-11,5.901582654574447e-11
325,1417.7193023433197,0.0005651430692523718,325.0,0.0,long,4,4240,1410.9101007497559,1410.9309109298442,236.0,199.0,900.0,-2.406976521680165e-05,1.9576657851868447e-06,1.9089392547921934e-06,1.5925102365757202e-05,1.7515216453317586e-06,1.7087294900933029e-06,9.36633515876314e-06,1.4462666354334045e-06,1.4122608192748657e-06,0.999999999538033,6.191608735421727e-11,5.901582654574447e-11
326,1417.7401356681553,0.0005653982516378164,326.0,0.0,long,4,4240,1410.9101007497559,1410.9309109298442,236.0,199.0,900.0,-2.406976521680165e-05,1.9576657851868447e-06,1.9089392547921934e-06,1.5925102365757202e-05,1.7515216453317586e-06,1.7087294900933029e-06,9.36633515876314e-06,1.4462666354334045e-06,1.4122608192748657e-06,0.999999999538033,6.191608735421727e-11,5.901582654574447e-11
327,1417.760968992991,0.0005656531429849565,327.0,0.0,long,4,4240,1410.9101007497559,1410.9309109298442,236.0,199.0,900.0,-2.406976521680165e-05,1.9576657851868447e-06,1.9089392547921934e-06,1.5925102365757202e-05,1.7515216453317586e-06,1.7087294900933029e-06,9.36633515876314e-06,1.4462666354334045e-06,1.4122608192748657e-06,0.999999999538033,6.191608735421727e-11,5.901582654574447e-11
328,1417.7818023178272,0.000565907743293792,328.0,0.0,long,4,4240,1410.9101007497559,1410.9309109298442,236.0,199.0,900.0,-2.406976521680165e-05,1.9576657851868447e-06,1.9089392547921934e-06,1.5925102365757202e-05,1.7515216453317586e-06,1.7087294900933029e-06,9.36633515876314e-06,1.4462666354334045e-06,1.4122608192748657e-06,0.999999999538033,6.191608735421727e-11,5.901582654574447e-11
329,1417.802635642663,0.0005661621107719839,329.0,0.0,long,4,4240,1410.9101007497559,1410.9309109298442,236.0,199.0,900.0,-2.406976521680165e-05,1.9576657851868447e-06,1.9089392547921934e-06,1.5925102365757202e-05,1.7515216453317586e-06,1.7087294900933029e-06,9.36633515876314e-06,1.4462666354334045e-06,1.4122608192748657e-06,0.999999999538033,6.191608735421727e-11,5.901582654574447e-11
330,1417.8234689674987,0.0005664161872118711,330.0,0.0,long,4,4240,1410.9101007497559,1410.9309109298442,236.0,199.0,900.0,-2.406976521680165e-05,1.9576657851868447e-06,1.9089392547921934e-06,1.5925102365757202e-05,1.7515216453317586e-06,1.7087294900933029e-06,9.36633515876314e-06,1.4462666354334045e-06,1.4122608192748657e-06,0.999999999538033,6.191608735421727e-11,5.901582654574447e-11
331,1417.8443022923343,0.0005666699726134539,331.0,0.0,long,4,4240,1410.9101007497559,1410.9309109298442,236.0,199.0,900.0,-2.406976521680165e-05,1.9576657851868447e-06,1.9089392547921934e-06,1.5925102365757202e-05,1.7515216453317586e-06,1.7087294900933029e-06,9.36633515876314e-06,1.4462666354334045e-06,1.4122608192748657e-06,0.999999999538033,6.191608735421727e-11,5.901582654574447e-11
332,1417.8651356171704,0.0005669235251843929,332.0,0.0,long,4,4240,1410.9101007497559,1410.9309109298442,236.0,199.0,900.0,-2.406976521680165e-05,1.9576657851868447e-06,1.9089392547921934e-06,1.5925102365757202e-05,1.7515216453317586e-06,1.7087294900933029e-06,9.36633515876314e-06,1.4462666354334045e-06,1.4122608192748657e-06,0.999999999538033,6.191608735421727e-11,5.901582654574447e-11
333,1417.8859689420065,0.0005671767867170274,333.0,0.0,long,4,4240,1410.9101007497559,1410.9309109298442,236.0,199.0,900.0,-2.406976521680165e-05,1.9576657851868447e-06,1.9089392547921934e-06,1.5925102365757202e-05,1.7515216453317586e-06,1.7087294900933029e-06,9.36633515876314e-06,1.4462666354334045e-06,1.4122608192748657e-06,0.999999999538033,6.191608735421727e-11,5.901582654574447e-11
334,1417.9068022668416,0.0005674297572113574,334.0,0.0,long,4,4240,1410.9101007497559,1410.9309109298442,236.0,199.0,900.0,-2.406976521680165e-05,1.9576657851868447e-06,1.9089392547921934e-06,1.5925102365757202e-05,1.7515216453317586e-06,1.7087294900933029e-06,9.36633515876314e-06,1.4462666354334045e-06,1.4122608192748657e-06,0.999999999538033,6.191608735421727e-11,5.901582654574447e-11
335,1417.9276355916782,0.0005676824948750436,335.0,0.0,long,4,4240,1410.9101007497559,1410.9309109298442,236.0,199.0,900.0,-2.406976521680165e-05,1.9576657851868447e-06,1.9089392547921934e-06,1.5925102365757202e-05,1.7515216453317586e-06,1.7087294900933029e-06,9.36633515876314e-06,1.4462666354334045e-06,1.4122608192748657e-06,0.999999999538033,6.191608735421727e-11,5.901582654574447e-11
336,1417.948468916514,0.0005679349415004253,336.0,0.0,long,4,4240,1410.9101007497559,1410.9309109298442,236.0,199.0,900.0,-2.406976521680165e-05,1.9576657851868447e-06,1.9089392547921934e-06,1.5925102365757202e-05,1.7515216453317586e-06,1.7087294900933029e-06,9.36633515876314e-06,1.4462666354334045e-06,1.4122608192748657e-06,0.999999999538033,6.191608735421727e-11,5.901582654574447e-11
337,1417.9693022413499,0.0005681870970875025,337.0,0.0,long,4,4240,1410.9101007497559,1410.9309109298442,236.0,199.0,900.0,-2.406976521680165e-05,1.9576657851868447e-06,1.9089392547921934e-06,1.5925102365757202e-05,1.7515216453317586e-06,1.7087294900933029e-06,9.36633515876314e-06,1.4462666354334045e-06,1.4122608192748657e-06,0.999999999538033,6.191608735421727e-11,5.901582654574447e-11
338,1417.9901355661855,0.000568438961636275,338.0,0.0,long,4,4240,1410.9101007497559,1410.9309109298442,236.0,199.0,900.0,-2.406976521680165e-05,1.9576657851868447e-06,1.9089392547921934e-06,1.5925102365757202e-05,1.7515216453317586e-06,1.7087294900933029e-06,9.36633515876314e-06,1.4462666354334045e-06,1.4122608192748657e-06,0.999999999538033,6.191608735421727e-11,5.901582654574447e-11
339,1418.010968891021,0.000568690593354404,339.0,0.0,long,4,4240,1410.9101007497559,1410.9309109298442,236.0,199.0,900.0,-2.406976521680165e-05,1.9576657851868447e-06,1.9089392547921934e-06,1.5925102365757202e-05,1.7515216453317586e-06,1.7087294900933029e-06,9.36633515876314e-06,1.4462666354334045e-06,1.4122608192748657e-06,0.999999999538033,6.191608735421727e-11,5.901582654574447e-11
340,1418.0318022158576,0.0005689419340342283,340.0,0.0,long,4,4240,1410.9101007497559,1410.9309109298442,236.0,199.0,900.0,-2.406976521680165e-05,1.9576657851868447e-06,1.9089392547921934e-06,1.5925102365757202e-05,1.7515216453317586e-06,1.7087294900933029e-06,9.36633515876314e-06,1.4462666354334045e-06,1.4122608192748657e-06,0.999999999538033,6.191608735421727e-11,5.901582654574447e-11
341,1418.0526355406932,0.0005691929836757481,341.0,0.0,long,4,4240,1410.9101007497559,1410.9309109298442,236.0,199.0,900.0,-2.406976521680165e-05,1.9576657851868447e-06,1.9089392547921934e-06,1.5925102365757202e-05,1.7515216453317586e-06,1.7087294900933029e-06,9.36633515876314e-06,1.4462666354334045e-06,1.4122608192748657e-06,0.999999999538033,6.191608735421727e-11,5.901582654574447e-11
342,1418.07346886553,0.0005694438004866242,342.0,0.0,long,4,4240,1410.9101007497559,1410.9309109298442,236.0,199.0,900.0,-2.406976521680165e-05,1.9576657851868447e-06,1.9089392547921934e-06,1.5925102365757202e-05,1.7515216453317586e-06,1.7087294900933029e-06,9.36633515876314e-06,1.4462666354334045e-06,1.4122608192748657e-06,0.999999999538033,6.191608735421727e-11,5.901582654574447e-11
343,1418.0943021903654,0.0005696942680515349,343.0,0.0,long,4,4240,1410.9101007497559,1410.9309109298442,236.0,199.0,900.0,-2.406976521680165e-05,1.9576657851868447e-06,1.9089392547921934e-06,1.5925102365757202e-05,1.7515216453317586e-06,1.7087294900933029e-06,9.36633515876314e-06,1.4462666354334045e-06,1.4122608192748657e-06,0.999999999538033,6.191608735421727e-11,5.901582654574447e-11
344,1418.1151355152,0.0005699445027858019,344.0,0.0,long,4,4240,1410.9101007497559,1410.9309109298442,236.0,199.0,900.0,-2.406976521680165e-05,1.9576657851868447e-06,1.9089392547921934e-06,1.5925102365757202e-05,1.7515216453317586e-06,1.7087294900933029e-06,9.36633515876314e-06,1.4462666354334045e-06,1.4122608192748657e-06,0.999999999538033,6.191608735421727e-11,5.901582654574447e-11
345,1418.1359688400366,0.0005701944464817643,345.0,0.0,long,4,4240,1410.9101007497559,1410.9309109298442,236.0,199.0,900.0,-2.406976521680165e-05,1.9576657851868447e-06,1.9089392547921934e-06,1.5925102365757202e-05,1.7515216453317586e-06,1.7087294900933029e-06,9.36633515876314e-06,1.4462666354334045e-06,1.4122608192748657e-06,0.999999999538033,6.191608735421727e-11,5.901582654574447e-11
346,1418.1568021648727,0.0005704441573470831,346.0,0.0,long,4,4240,1410.9101007497559,1410.9309109298442,236.0,199.0,900.0,-2.406976521680165e-05,1.9576657851868447e-06,1.9089392547921934e-06,1.5925102365757202e-05,1.7515216453317586e-06,1.7087294900933029e-06,9.36633515876314e-06,1.4462666354334045e-06,1.4122608192748657e-06,0.999999999538033,6.191608735421727e-11,5.901582654574447e-11
347,1418.1776354897079,0.0005706935189664364,347.0,0.0,long,4,4240,1410.9101007497559,1410.9309109298442,236.0,199.0,900.0,-2.406976521680165e-05,1.9576657851868447e-06,1.9089392547921934e-06,1.5925102365757202e-05,1.7515216453317586e-06,1.7087294900933029e-06,9.36633515876314e-06,1.4462666354334045e-06,1.4122608192748657e-06,0.999999999538033,6.191608735421727e-11,5.901582654574447e-11
348,1418.198468814543,0.000570942647755146,348.0,0.0,long,4,4240,1410.9101007497559,1410.9309109298442,236.0,199.0,900.0,-2.406976521680165e-05,1.9576657851868447e-06,1.9089392547921934e-06,1.5925102365757202e-05,1.7515216453317586e-06,1.7087294900933029e-06,9.36633515876314e-06,1.4462666354334045e-06,1.4122608192748657e-06,0.999999999538033,6.191608735421727e-11,5.901582654574447e-11
349,1418.21930213938,0.0005711914272978902,349.0,0.0,long,4,4240,1410.9101007497559,1410.9309109298442,236.0,199.0,900.0,-2.406976521680165e-05,1.9576657851868447e-06,1.9089392547921934e-06,1.5925102365757202e-05,1.7515216453317586e-06,1.7087294900933029e-06,9.36633515876314e-06,1.4462666354334045e-06,1.4122608192748657e-06,0.999999999538033,6.191608735421727e-11,5.901582654574447e-11
350,1418.240135464216,0.0005714399740099907,350.0,0.0,long,4,4240,1410.9101007497559,1410.9309109298442,236.0,199.0,900.0,-2.406976521680165e-05,1.9576657851868447e-06,1.9089392547921934e-06,1.5925102365757202e-05,1.7515216453317586e-06,1.7087294900933029e-06,9.36633515876314e-06,1.4462666354334045e-06,1.4122608192748657e-06,0.999999999538033,6.191608735421727e-11,5.901582654574447e-11
351,1418.2609687890524,0.0005716882296837866,351.0,0.0,long,4,4240,1410.9101007497559,1410.9309109298442,236.0,199.0,900.0,-2.406976521680165e-05,1.9576657851868447e-06,1.9089392547921934e-06,1.5925102365757202e-05,1.7515216453317586e-06,1.7087294900933029e-06,9.36633515876314e-06,1.4462666354334045e-06,1.4122608192748657e-06,0.999999999538033,6.191608735421727e-11,5.901582654574447e-11
352,1418.2818021138878,0.000571936194319278,352.0,0.0,long,4,4240,1410.9101007497559,1410.9309109298442,236.0,199.0,900.0,-2.406976521680165e-05,1.9576657851868447e-06,1.9089392547921934e-06,1.5925102365757202e-05,1.7515216453317586e-06,1.7087294900933029e-06,9.36633515876314e-06,1.4462666354334045e-06,1.4122608192748657e-06,0.999999999538033,6.191608735421727e-11,5.901582654574447e-11
353,1418.3026354387234,0.0005721838679164648,353.0,0.0,long,4,4240,1410.9101007497559,1410.9309109298442,236.0,199.0,900.0,-2.406976521680165e-05,1.9576657851868447e-06,1.9089392547921934e-06,1.5925102365757202e-05,1.7515216453317586e-06,1.7087294900933029e-06,9.36633515876314e-06,1.4462666354334045e-06,1.4122608192748657e-06,0.999999999538033,6.191608735421727e-11,5.901582654574447e-11
354,1418.3234687635595,0.000572431308683008,354.0,0.0,long,4,4240,1410.9101007497559,1410.9309109298442,236.0,199.0,900.0,-2.406976521680165e-05,1.9576657851868447e-06,1.9089392547921934e-06,1.5925102365757202e-05,1.7515216453317586e-06,1.7087294900933029e-06,9.36633515876314e-06,1.4462666354334045e-06,1.4122608192748657e-06,0.999999999538033,6.191608735421727e-11,5.901582654574447e-11
355,1418.3443020883958,0.0005726784002035856,355.0,0.0,long,4,4240,1410.9101007497559,1410.9309109298442,236.0,199.0,900.0,-2.406976521680165e-05,1.9576657851868447e-06,1.9089392547921934e-06,1.5925102365757202e-05,1.7515216453317586e-06,1.7087294900933029e-06,9.36633515876314e-06,1.4462666354334045e-06,1.4122608192748657e-06,0.999999999538033,6.191608735421727e-11,5.901582654574447e-11
356,1418.365135413232,0.0005729252006858587,356.0,0.0,long,4,4240,1410.9101007497559,1410.9264664864886,236.0,199.0,708.0,-2.4076295893884452e-05,1.945761681471205e-06,1.8830463972280952e-06,1.59409865526766e-05,1.6909607269460655e-06,1.6618284399265412e-06,9.369295902237711e-06,1.4660365587934667e-06,1.4441655847240859e-06,0.9999999995369915,5.997762689161975e-11,5.6377354574885253e-11
357,1418.3859687380677,0.0005731717683374882,357.0,0.0,long,4,4240,,,,,,,,,,,,,,,,,0.0
358,1418.4068020629034,0.0005734179867431521,358.0,0.0,long,4,4240,,,,,,,,,,,,,,,,,0.0
359,1418.4276353877392,0.0005736639723181725,359.0,0.0,long,4,4240,,,,,,,,,,,,,,,,,0.0
360,1418.4484687125755,0.0005739096086472273,360.0,0.0,long,4,4240,,,,,,,,,,,,,,,,,0.0
361,1418.4693020374118,0.0005741550121456385,361.0,0.0,long,4,4240,,,,,,,,,,,,,,,,,0.0
362,1421.240134240611,0.0006037555285729468,362.0,0.0,long,4,4240,1410.92498500537,1410.9457951854583,236.0,199.0,900.0,-2.412326474118205e-05,2.3324112917927367e-06,2.2702301967196436e-06,1.587684352959525e-05,2.0640512888172197e-06,2.0340252393024934e-06,9.414356540427695e-06,1.5926624033034207e-06,1.5415878930028035e-06,0.999999999538719,7.399340344969862e-11,7.3269023143138e-11
363,1421.2609675654471,0.0006039505824446678,363.0,0.0,long,4,4240,1410.9101007497559,1410.9309109298442,236.0,199.0,900.0,-2.406976521680165e-05,1.9576657851868447e-06,1.9089392547921934e-06,1.5925102365757202e-05,1.7515216453317586e-06,1.7087294900933029e-06,9.36633515876314e-06,1.4462666354334045e-06,1.4122608192748657e-06,0.999999999538033,6.191608735421727e-11,5.901582654574447e-11
364,1421.2818008902832,0.0006041450542397797,364.0,0.0,long,4,4240,1410.9101007497559,1410.9309109298442,236.0,199.0,900.0,-2.406976521680165e-05,1.9576657851868447e-06,1.9089392547921934e-06,1.5925102365757202e-05,1.7515216453317586e-06,1.7087294900933029e-06,9.36633515876314e-06,1.4462666354334045e-06,1.4122608192748657e-06,0.999999999538033,6.191608735421727e-11,5.901582654574447e-11
365,1421.3026342151197,0.0006043390603736043,365.0,0.0,long,4,4240,1410.9101007497559,1410.9309109298442,236.0,199.0,900.0,-2.406976521680165e-05,1.9576657851868447e-06,1.9089392547921934e-06,1.5925102365757202e-05,1.7515216453317586e-06,1.7087294900933029e-06,9.36633515876314e-06,1.4462666354334045e-06,1.4122608192748657e-06,0.999999999538033,6.191608735421727e-11,5.901582654574447e-11
366,1421.323467539955,0.0006045325426384807,366.0,0.0,long,4,4240,1410.9101007497559,1410.9309109298442,236.0,199.0,900.0,-2.406976521680165e-05,1.9576657851868447e-06,1.9089392547921934e-06,1.5925102365757202e-05,1.7515216453317586e-06,1.7087294900933029e-06,9.36633515876314e-06,1.4462666354334045e-06,1.4122608192748657e-06,0.999999999538033,6.191608735421727e-11,5.901582654574447e-11
367,1421.344300864791,0.0006047255010344088,367.0,0.0,long,4,4240,1410.9101007497559,1410.9309109298442,236.0,199.0,900.0,-2.406976521680165e-05,1.9576657851868447e-06,1.9089392547921934e-06,1.5925102365757202e-05,1.7515216453317586e-06,1.7087294900933029e-06,9.36633515876314e-06,1.4462666354334045e-06,1.4122608192748657e-06,0.999999999538033,6.191608735421727e-11,5.901582654574447e-11
368,1421.3651341896275,0.0006049178773537278,368.0,0.0,long,4,4240,1410.9101007497559,1410.9309109298442,236.0,199.0,900.0,-2.406976521680165e-05,1.9576657851868447e-06,1.9089392547921934e-06,1.5925102365757202e-05,1.7515216453317586e-06,1.7087294900933029e-06,9.36633515876314e-06,1.4462666354334045e-06,1.4122608192748657e-06,0.999999999538033,6.191608735421727e-11,5.901582654574447e-11
369,1421.3859675144636,0.0006051097880117595,369.0,0.0,long,4,4240,1410.9101007497559,1410.9309109298442,236.0,199.0,900.0,-2.406976521680165e-05,1.9576657851868447e-06,1.9089392547921934e-06,1.5925102365757202e-05,1.7515216453317586e-06,1.7087294900933029e-06,9.36633515876314e-06,1.4462666354334045e-06,1.4122608192748657e-06,0.999999999538033,6.191608735421727e-11,5.901582654574447e-11
370,1421.4068008393,0.000605301174800843,370.0,0.0,long,4,4240,1410.9101007497559,1410.9309109298442,236.0,199.0,900.0,-2.406976521680165e-05,1.9576657851868447e-06,1.9089392547921934e-06,1.5925102365757202e-05,1.7515216453317586e-06,1.7087294900933029e-06,9.36633515876314e-06,1.4462666354334045e-06,1.4122608192748657e-06,0.999999999538033,6.191608735421727e-11,5.901582654574447e-11
371,1421.427634164136,0.0006054919795133173,371.0,0.0,long,4,4240,1410.9101007497559,1410.9309109298442,236.0,199.0,900.0,-2.406976521680165e-05,1.9576657851868447e-06,1.9089392547921934e-06,1.5925102365757202e-05,1.7515216453317586e-06,1.7087294900933029e-06,9.36633515876314e-06,1.4462666354334045e-06,1.4122608192748657e-06,0.999999999538033,6.191608735421727e-11,5.901582654574447e-11
372,1421.4484674889723,0.0006056823185645044,372.0,0.0,long,4,4240,1410.9101007497559,1410.9309109298442,236.0,199.0,900.0,-2.406976521680165e-05,1.9576657851868447e-06,1.9089392547921934e-06,1.5925102365757202e-05,1.7515216453317586e-06,1.7087294900933029e-06,9.36633515876314e-06,1.4462666354334045e-06,1.4122608192748657e-06,0.999999999538033,6.191608735421727e-11,5.901582654574447e-11
373,1421.4693008138088,0.0006058720173314214,373.0,0.0,long,4,4240,1410.9101007497559,1410.9309109298442,236.0,199.0,900.0,-2.406976521680165e-05,1.9576657851868447e-06,1.9089392547921934e-06,1.5925102365757202e-05,1.7515216453317586e-06,1.7087294900933029e-06,9.36633515876314e-06,1.4462666354334045e-06,1.4122608192748657e-06,0.999999999538033,6.191608735421727e-11,5.901582654574447e-11
374,1421.4901341386444,0.0006060612504370511,374.0,0.0,long,4,4240,1410.9101007497559,1410.9309109298442,236.0,199.0,900.0,-2.406976521680165e-05,1.9576657851868447e-06,1.9089392547921934e-06,1.5925102365757202e-05,1.7515216453317586e-06,1.7087294900933029e-06,9.36633515876314e-06,1.4462666354334045e-06,1.4122608192748657e-06,0.999999999538033,6.191608735421727e-11,5.901582654574447e-11
375,1421.5109674634816,0.0006062499014660716,375.0,0.0,long,4,4240,1410.9101007497559,1410.9309109298442,236.0,199.0,900.0,-2.406976521680165e-05,1.9576657851868447e-06,1.9089392547921934e-06,1.5925102365757202e-05,1.7515216453317586e-06,1.7087294900933029e-06,9.36633515876314e-06,1.4462666354334045e-06,1.4122608192748657e-06,0.999999999538033,6.191608735421727e-11,5.901582654574447e-11
376,1421.5318007883184,0.0006064380286261439,376.0,0.0,long,4,4240,1410.9101007497559,1410.9309109298442,236.0,199.0,900.0,-2.406976521680165e-05,1.9576657851868447e-06,1.9089392547921934e-06,1.5925102365757202e-05,1.7515216453317586e-06,1.7087294900933029e-06,9.36633515876314e-06,1.4462666354334045e-06,1.4122608192748657e-06,0.999999999538033,6.191608735421727e-11,5.901582654574447e-11
377,1421.552634113155,0.0006066255737096071,377.0,0.0,long,4,4240,1410.9101007497559,1410.9309109298442,236.0,199.0,900.0,-2.406976521680165e-05,1.9576657851868447e-06,1.9089392547921934e-06,1.5925102365757202e-05,1.7515216453317586e-06,1.7087294900933029e-06,9.36633515876314e-06,1.4462666354334045e-06,1.4122608192748657e-06,0.999999999538033,6.191608735421727e-11,5.901582654574447e-11
378,1421.573467437991,0.0006068125949241221,378.0,0.0,long,4,4240,1410.9101007497559,1410.9309109298442,236.0,199.0,900.0,-2.406976521680165e-05,1.9576657851868447e-06,1.9089392547921934e-06,1.5925102365757202e-05,1.7515216453317586e-06,1.7087294900933029e-06,9.36633515876314e-06,1.4462666354334045e-06,1.4122608192748657e-06,0.999999999538033,6.191608735421727e-11,5.901582654574447e-11
379,1421.5943007628275,0.0006069990340620279,379.0,0.0,long,4,4240,1410.9101007497559,1410.9309109298442,236.0,199.0,900.0,-2.406976521680165e-05,1.9576657851868447e-06,1.9089392547921934e-06,1.5925102365757202e-05,1.7515216453317586e-06,1.7087294900933029e-06,9.36633515876314e-06,1.4462666354334045e-06,1.4122608192748657e-06,0.999999999538033,6.191608735421727e-11,5.901582654574447e-11
380,1421.6151340876634,0.0006071848911233246,380.0,0.0,long,4,4240,1410.9101007497559,1410.9309109298442,236.0,199.0,900.0,-2.406976521680165e-05,1.9576657851868447e-06,1.9089392547921934e-06,1.5925102365757202e-05,1.7515216453317586e-06,1.7087294900933029e-06,9.36633515876314e-06,1.4462666354334045e-06,1.4122608192748657e-06,0.999999999538033,6.191608735421727e-11,5.901582654574447e-11
381,1421.6359674124994,0.0006073701661080122,381.0,0.0,long,4,4240,1410.9101007497559,1410.9309109298442,236.0,199.0,900.0,-2.406976521680165e-05,1.9576657851868447e-06,1.9089392547921934e-06,1.5925102365757202e-05,1.7515216453317586e-06,1.7087294900933029e-06,9.36633515876314e-06,1.4462666354334045e-06,1.4122608192748657e-06,0.999999999538033,6.191608735421727e-11,5.901582654574447e-11
382,1421.6568007373357,0.0006075549172237515,382.0,0.0,long,4,4240,1410.9101007497559,1410.9309109298442,236.0,199.0,900.0,-2.406976521680165e-05,1.9576657851868447e-06,1.9089392547921934e-06,1.5925102365757202e-05,1.7515216453317586e-06,1.7087294900933029e-06,9.36633515876314e-06,1.4462666354334045e-06,1.4122608192748657e-06,0.999999999538033,6.191608735421727e-11,5.901582654574447e-11
383,1421.6776340621723,0.0006077390862628818,383.0,0.0,long,4,4240,1410.9101007497559,1410.9309109298442,236.0,199.0,900.0,-2.406976521680165e-05,1.9576657851868447e-06,1.9089392547921934e-06,1.5925102365757202e-05,1.7515216453317586e-06,1.7087294900933029e-06,9.36633515876314e-06,1.4462666354334045e-06,1.4122608192748657e-06,0.999999999538033,6.191608735421727e-11,5.901582654574447e-11
384,1421.698467387008,0.0006079226150177419,384.0,0.0,long,4,4240,1410.9101007497559,1410.9309109298442,236.0,199.0,900.0,-2.406976521680165e-05,1.9576657851868447e-06,1.9089392547921934e-06,1.5925102365757202e-05,1.7515216453317586e-06,1.7087294900933029e-06,9.36633515876314e-06,1.4462666354334045e-06,1.4122608192748657e-06,0.999999999538033,6.191608735421727e-11,5.901582654574447e-11
385,1421.7193007118444,0.0006081056199036539,385.0,0.0,long,4,4240,1410.9101007497559,1410.9309109298442,236.0,199.0,900.0,-2.406976521680165e-05,1.9576657851868447e-06,1.9089392547921934e-06,1.5925102365757202e-05,1.7515216453317586e-06,1.7087294900933029e-06,9.36633515876314e-06,1.4462666354334045e-06,1.4122608192748657e-06,0.999999999538033,6.191608735421727e-11,5.901582654574447e-11
386,1421.740134036681,0.0006082880427129567,386.0,0.0,long,4,4240,1410.9101007497559,1410.9309109298442,236.0,199.0,900.0,-2.406976521680165e-05,1.9576657851868447e-06,1.9089392547921934e-06,1.5925102365757202e-05,1.7515216453317586e-06,1.7087294900933029e-06,9.36633515876314e-06,1.4462666354334045e-06,1.4122608192748657e-06,0.999999999538033,6.191608735421727e-11,5.901582654574447e-11
387,1421.7609673615173,0.0006084698252379894,387.0,0.0,long,4,4240,1410.9101007497559,1410.9309109298442,236.0,199.0,900.0,-2.406976521680165e-05,1.9576657851868447e-06,1.9089392547921934e-06,1.5925102365757202e-05,1.7515216453317586e-06,1.7087294900933029e-06,9.36633515876314e-06,1.4462666354334045e-06,1.4122608192748657e-06,0.999999999538033,6.191608735421727e-11,5.901582654574447e-11
388,1421.781800686353,0.000608651025686413,388.0,0.0,long,4,4240,1410.9101007497559,1410.9309109298442,236.0,199.0,900.0,-2.406976521680165e-05,1.9576657851868447e-06,1.9089392547921934e-06,1.5925102365757202e-05,1.7515216453317586e-06,1.7087294900933029e-06,9.36633515876314e-06,1.4462666354334045e-06,1.4122608192748657e-06,0.999999999538033,6.191608735421727e-11,5.901582654574447e-11
389,1421.8026340111894,0.0006088316440582275,389.0,0.0,long,4,4240,1410.9101007497559,1410.9309109298442,236.0,199.0,900.0,-2.406976521680165e-05,1.9576657851868447e-06,1.9089392547921934e-06,1.5925102365757202e-05,1.7515216453317586e-06,1.7087294900933029e-06,9.36633515876314e-06,1.4462666354334045e-06,1.4122608192748657e-06,0.999999999538033,6.191608735421727e-11,5.901582654574447e-11
390,1421.8234673360262,0.0006090116803534329,390.0,0.0,long,4,4240,1410.9101007497559,1410.9309109298442,236.0,199.0,900.0,-2.406976521680165e-05,1.9576657851868447e-06,1.9089392547921934e-06,1.5925102365757202e-05,1.7515216453317586e-06,1.7087294900933029e-06,9.36633515876314e-06,1.4462666354334045e-06,1.4122608192748657e-06,0.999999999538033,6.191608735421727e-11,5.901582654574447e-11
391,1421.8443006608627,0.0006091910763643682,391.0,0.0,long,4,4240,1410.9101007497559,1410.9309109298442,236.0,199.0,900.0,-2.406976521680165e-05,1.9576657851868447e-06,1.9089392547921934e-06,1.5925102365757202e-05,1.7515216453317586e-06,1.7087294900933029e-06,9.36633515876314e-06,1.4462666354334045e-06,1.4122608192748657e-06,0.999999999538033,6.191608735421727e-11,5.901582654574447e-11
392,1421.8651339856988,0.0006093698902986944,392.0,0.0,long,4,4240,1410.9101007497559,1410.9309109298442,236.0,199.0,900.0,-2.406976521680165e-05,1.9576657851868447e-06,1.9089392547921934e-06,1.5925102365757202e-05,1.7515216453317586e-06,1.7087294900933029e-06,9.36633515876314e-06,1.4462666354334045e-06,1.4122608192748657e-06,0.999999999538033,6.191608735421727e-11,5.901582654574447e-11
393,1421.8859673105349,0.0006095480639487505,393.0,0.0,long,4,4240,1410.9101007497559,1410.9309109298442,236.0,199.0,900.0,-2.406976521680165e-05,1.9576657851868447e-06,1.9089392547921934e-06,1.5925102365757202e-05,1.7515216453317586e-06,1.7087294900933029e-06,9.36633515876314e-06,1.4462666354334045e-06,1.4122608192748657e-06,0.999999999538033,6.191608735421727e-11,5.901582654574447e-11
394,1421.906800635371,0.0006097256555221975,394.0,0.0,long,4,4240,1410.9101007497559,1410.9309109298442,236.0,199.0,900.0,-2.406976521680165e-05,1.9576657851868447e-06,1.9089392547921934e-06,1.5925102365757202e-05,1.7515216453317586e-06,1.7087294900933029e-06,9.36633515876314e-06,1.4462666354334045e-06,1.4122608192748657e-06,0.999999999538033,6.191608735421727e-11,5.901582654574447e-11
395,1421.927633960207,0.0006099026068113744,395.0,0.0,long,4,4240,1410.9101007497559,1410.9309109298442,236.0,199.0,900.0,-2.406976521680165e-05,1.9576657851868447e-06,1.9089392547921934e-06,1.5925102365757202e-05,1.7515216453317586e-06,1.7087294900933029e-06,9.36633515876314e-06,1.4462666354334045e-06,1.4122608192748657e-06,0.999999999538033,6.191608735421727e-11,5.901582654574447e-11
396,1421.9484672850435,0.0006100789178162813,396.0,0.0,long,4,4240,1410.9101007497559,1410.9309109298442,236.0,199.0,900.0,-2.406976521680165e-05,1.9576657851868447e-06,1.9089392547921934e-06,1.5925102365757202e-05,1.7515216453317586e-06,1.7087294900933029e-06,9.36633515876314e-06,1.4462666354334045e-06,1.4122608192748657e-06,0.999999999538033,6.191608735421727e-11,5.901582654574447e-11
397,1421.96930060988,0.0006102546467445791,397.0,0.0,long,4,4240,1410.9101007497559,1410.9309109298442,236.0,199.0,900.0,-2.406976521680165e-05,1.9576657851868447e-06,1.9089392547921934e-06,1.5925102365757202e-05,1.7515216453317586e-06,1.7087294900933029e-06,9.36633515876314e-06,1.4462666354334045e-06,1.4122608192748657e-06,0.999999999538033,6.191608735421727e-11,5.901582654574447e-11
398,1421.9901339347164,0.0006104296771809459,398.0,0.0,long,4,4240,1410.9101007497559,1410.9309109298442,236.0,199.0,900.0,-2.406976521680165e-05,1.9576657851868447e-06,1.9089392547921934e-06,1.5925102365757202e-05,1.7515216453317586e-06,1.7087294900933029e-06,9.36633515876314e-06,1.4462666354334045e-06,1.4122608192748657e-06,0.999999999538033,6.191608735421727e-11,5.901582654574447e-11
399,1422.0109672595527,0.0006106041255407035,399.0,0.0,long,4,4240,1410.9101007497559,1410.9309109298442,236.0,199.0,900.0,-2.406976521680165e-05,1.9576657851868447e-06,1.9089392547921934e-06,1.5925102365757202e-05,1.7515216453317586e-06,1.7087294900933029e-06,9.36633515876314e-06,1.4462666354334045e-06,1.4122608192748657e-06,0.999999999538033,6.191608735421727e-11,5.901582654574447e-11
400,1422.0318005843887,0.0006107779336161911,400.0,0.0,long,4,4240,1410.9101007497559,1410.9309109298442,236.0,199.0,900.0,-2.406976521680165e-05,1.9576657851868447e-06,1.9089392547921934e-06,1.5925102365757202e-05,1.7515216453317586e-06,1.7087294900933029e-06,9.36633515876314e-06,1.4462666354334045e-06,1.4122608192748657e-06,0.999999999538033,6.191608735421727e-11,5.901582654574447e-11
401,1422.0526339092248,0.0006109510431997478,401.0,0.0,long,4,4240,1410.9101007497559,1410.9309109298442,236.0,199.0,900.0,-2.406976521680165e-05,1.9576657851868447e-06,1.9089392547921934e-06,1.5925102365757202e-05,1.7515216453317586e-06,1.7087294900933029e-06,9.36633515876314e-06,1.4462666354334045e-06,1.4122608192748657e-06,0.999999999538033,6.191608735421727e-11,5.901582654574447e-11
402,1422.0734672340618,0.0006111235707066953,402.0,0.0,long,4,4240,1410.9101007497559,1410.9309109298442,236.0,199.0,900.0,-2.406976521680165e-05,1.9576657851868447e-06,1.9089392547921934e-06,1.5925102365757202e-05,1.7515216453317586e-06,1.7087294900933029e-06,9.36633515876314e-06,1.4462666354334045e-06,1.4122608192748657e-06,0.999999999538033,6.191608735421727e-11,5.901582654574447e-11
403,1422.0943005588986,0.0006112954579293728,403.0,0.0,long,4,4240,1410.9101007497559,1410.9309109298442,236.0,199.0,900.0,-2.406976521680165e-05,1.9576657851868447e-06,1.9089392547921934e-06,1.5925102365757202e-05,1.7515216453317586e-06,1.7087294900933029e-06,9.36633515876314e-06,1.4462666354334045e-06,1.4122608192748657e-06,0.999999999538033,6.191608735421727e-11,5.901582654574447e-11
404,1422.1151338837349,0.0006114666466601193,404.0,0.0,long,4,4240,1410.9101007497559,1410.9309109298442,236.0,199.0,900.0,-2.406976521680165e-05,1.9576657851868447e-06,1.9089392547921934e-06,1.5925102365757202e-05,1.7515216453317586e-06,1.7087294900933029e-06,9.36633515876314e-06,1.4462666354334045e-06,1.4122608192748657e-06,0.999999999538033,6.191608735421727e-11,5.901582654574447e-11
405,1422.135967208571,0.0006116371951065958,405.0,0.0,long,4,4240,1410.9101007497559,1410.9309109298442,236.0,199.0,900.0,-2.406976521680165e-05,1.9576657851868447e-06,1.9089392547921934e-06,1.5925102365757202e-05,1.7515216453317586e-06,1.7087294900933029e-06,9.36633515876314e-06,1.4462666354334045e-06,1.4122608192748657e-06,0.999999999538033,6.191608735421727e-11,5.901582654574447e-11
406,1422.1568005334072,0.0006118071032688022,406.0,0.0,long,4,4240,1410.9101007497559,1410.9309109298442,236.0,199.0,900.0,-2.406976521680165e-05,1.9576657851868447e-06,1.9089392547921934e-06,1.5925102365757202e-05,1.7515216453317586e-06,1.7087294900933029e-06,9.36633515876314e-06,1.4462666354334045e-06,1.4122608192748657e-06,0.999999999538033,6.191608735421727e-11,5.901582654574447e-11
407,1422.177633858243,0.0006119763129390776,407.0,0.0,long,4,4240,1410.9101007497559,1410.9309109298442,236.0,199.0,900.0,-2.406976521680165e-05,1.9576657851868447e-06,1.9089392547921934e-06,1.5925102365757202e-05,1.7515216453317586e-06,1.7087294900933029e-06,9.36633515876314e-06,1.4462666354334045e-06,1.4122608192748657e-06,0.999999999538033,6.191608735421727e-11,5.901582654574447e-11
408,1422.1984671830796,0.000612144882325083,408.0,0.0,long,4,4240,1410.9101007497559,1410.9309109298442,236.0,199.0,900.0,-2.406976521680165e-05,1.9576657851868447e-06,1.9089392547921934e-06,1.5925102365757202e-05,1.7515216453317586e-06,1.7087294900933029e-06,9.36633515876314e-06,1.4462666354334045e-06,1.4122608192748657e-06,0.999999999538033,6.191608735421727e-11,5.901582654574447e-11
409,1422.2193005079157,0.0006123127532191575,409.0,0.0,long,4,4240,1410.9101007497559,1410.9309109298442,236.0,199.0,900.0,-2.406976521680165e-05,1.9576657851868447e-06,1.9089392547921934e-06,1.5925102365757202e-05,1.7515216453317586e-06,1.7087294900933029e-06,9.36633515876314e-06,1.4462666354334045e-06,1.4122608192748657e-06,0.999999999538033,6.191608735421727e-11,5.901582654574447e-11
410,1422.2401338327522,0.0006124799838289618,410.0,0.0,long,4,4240,1410.9101007497559,1410.9309109298442,236.0,199.0,900.0,-2.406976521680165e-05,1.9576657851868447e-06,1.9089392547921934e-06,1.5925102365757202e-05,1.7515216453317586e-06,1.7087294900933029e-06,9.36633515876314e-06,1.4462666354334045e-06,1.4122608192748657e-06,0.999999999538033,6.191608735421727e-11,5.901582654574447e-11
411,1422.2609671575892,0.0006126465741544962,411.0,0.0,long,4,4240,1410.9101007497559,1410.9309109298442,236.0,199.0,900.0,-2.406976521680165e-05,1.9576657851868447e-06,1.9089392547921934e-06,1.5925102365757202e-05,1.7515216453317586e-06,1.7087294900933029e-06,9.36633515876314e-06,1.4462666354334045e-06,1.4122608192748657e-06,0.999999999538033,6.191608735421727e-11,5.901582654574447e-11
412,1422.2818004824258,0.0006128124077804387,412.0,0.0,long,4,4240,1410.9101007497559,1410.9309109298442,236.0,199.0,900.0,-2.406976521680165e-05,1.9576657851868447e-06,1.9089392547921934e-06,1.5925102365757202e-05,1.7515216453317586e-06,1.7087294900933029e-06,9.36633515876314e-06,1.4462666354334045e-06,1.4122608192748657e-06,0.999999999538033,6.191608735421727e-11,5.901582654574447e-11
413,1422.3026338072627,0.000612977659329772,413.0,0.0,long,4,4240,1410.9101007497559,1410.9309109298442,236.0,199.0,900.0,-2.406976521680165e-05,1.9576657851868447e-06,1.9089392547921934e-06,1.5925102365757202e-05,1.7515216453317586e-06,1.7087294900933029e-06,9.36633515876314e-06,1.4462666354334045e-06,1.4122608192748657e-06,0.999999999538033,6.191608735421727e-11,5.901582654574447e-11
414,1422.3234671320984,0.0006131421541795135,414.0,0.0,long,4,4240,1410.9101007497559,1410.9309109298442,236.0,199.0,900.0,-2.406976521680165e-05,1.9576657851868447e-06,1.9089392547921934e-06,1.5925102365757202e-05,1.7515216453317586e-06,1.7087294900933029e-06,9.36633515876314e-06,1.4462666354334045e-06,1.4122608192748657e-06,0.999999999538033,6.191608735421727e-11,5.901582654574447e-11
415,1422.3443004569344,0.0006133060087449849,415.0,0.0,long,4,4240,1410.9101007497559,1410.9309109298442,236.0,199.0,900.0,-2.406976521680165e-05,1.9576657851868447e-06,1.9089392547921934e-06,1.5925102365757202e-05,1.7515216453317586e-06,1.7087294900933029e-06,9.36633515876314e-06,1.4462666354334045e-06,1.4122608192748657e-06,0.999999999538033,6.191608735421727e-11,5.901582654574447e-11
416,1422.3651337817705,0.0006134691648185253,416.0,0.0,long,4,4240,1410.9101007497559,1410.9309109298442,236.0,199.0,900.0,-2.406976521680165e-05,1.9576657851868447e-06,1.9089392547921934e-06,1.5925102365757202e-05,1.7515216453317586e-06,1.7087294900933029e-06,9.36633515876314e-06,1.4462666354334045e-06,1.4122608192748657e-06,0.999999999538033,6.191608735421727e-11,5.901582654574447e-11
417,1422.385967106607,0.0006136316224001348,417.0,0.0,long,4,4240,1410.9101007497559,1410.9309109298442,236.0,199.0,900.0,-2.406976521680165e-05,1.9576657851868447e-06,1.9089392547921934e-06,1.5925102365757202e-05,1.7515216453317586e-06,1.7087294900933029e-06,9.36633515876314e-06,1.4462666354334045e-06,1.4122608192748657e-06,0.999999999538033,6.191608735421727e-11,5.901582654574447e-11
418,1422.4068004314422,0.0006137934396974742,418.0,0.0,long,4,4240,1410.9101007497559,1410.9309109298442,236.0,199.0,900.0,-2.406976521680165e-05,1.9576657851868447e-06,1.9089392547921934e-06,1.5925102365757202e-05,1.7515216453317586e-06,1.7087294900933029e-06,9.36633515876314e-06,1.4462666354334045e-06,1.4122608192748657e-06,0.999999999538033,6.191608735421727e-11,5.901582654574447e-11
419,1422.4276337562792,0.0006139545002952218,419.0,0.0,long,4,4240,1410.9101007497559,1410.9309109298442,236.0,199.0,900.0,-2.406976521680165e-05,1.9576657851868447e-06,1.9089392547921934e-06,1.5925102365757202e-05,1.7515216453317586e-06,1.7087294900933029e-06,9.36633515876314e-06,1.4462666354334045e-06,1.4122608192748657e-06,0.999999999538033,6.191608735421727e-11,5.901582654574447e-11
420,1422.4484670811157,0.0006141149206086993,420.0,0.0,long,4,4240,1410.9101007497559,1410.9309109298442,236.0,199.0,900.0,-2.406976521680165e-05,1.9576657851868447e-06,1.9089392547921934e-06,1.5925102365757202e-05,1.7515216453317586e-06,1.7087294900933029e-06,9.36633515876314e-06,1.4462666354334045e-06,1.4122608192748657e-06,0.999999999538033,6.191608735421727e-11,5.901582654574447e-11
421,1422.4693004059525,0.0006142746424302459,421.0,0.0,long,4,4240,1410.9101007497559,1410.9309109298442,236.0,199.0,900.0,-2.406976521680165e-05,1.9576657851868447e-06,1.9089392547921934e-06,1.5925102365757202e-05,1.7515216453317586e-06,1.7087294900933029e-06,9.36633515876314e-06,1.4462666354334045e-06,1.4122608192748657e-06,0.999999999538033,6.191608735421727e-11,5.901582654574447e-11
422,1422.4901337307892,0.0006144337239675224,422.0,0.0,long,4,4240,1410.9101007497559,1410.9309109298442,236.0,199.0,900.0,-2.406976521680165e-05,1.9576657851868447e-06,1.9089392547921934e-06,1.5925102365757202e-05,1.7515216453317586e-06,1.7087294900933029e-06,9.36633515876314e-06,1.4462666354334045e-06,1.4122608192748657e-06,0.999999999538033,6.191608735421727e-11,5.901582654574447e-11
423,1422.5109670556253,0.000614592048805207,423.0,0.0,long,4,4240,1410.9101007497559,1410.9309109298442,236.0,199.0,900.0,-2.406976521680165e-05,1.9576657851868447e-06,1.9089392547921934e-06,1.5925102365757202e-05,1.7515216453317586e-06,1.7087294900933029e-06,9.36633515876314e-06,1.4462666354334045e-06,1.4122608192748657e-06,0.999999999538033,6.191608735421727e-11,5.901582654574447e-11
424,1422.5318003804618,0.0006147497333586216,424.0,0.0,long,4,4240,1410.9101007497559,1410.9309109298442,236.0,199.0,900.0,-2.406976521680165e-05,1.9576657851868447e-06,1.9089392547921934e-06,1.5925102365757202e-05,1.7515216453317586e-06,1.7087294900933029e-06,9.36633515876314e-06,1.4462666354334045e-06,1.4122608192748657e-06,0.999999999538033,6.191608735421727e-11,5.901582654574447e-11
425,1422.552633705297,0.0006149067194201052,425.0,0.0,long,4,4240,1410.9101007497559,1410.9309109298442,236.0,199.0,900.0,-2.406976521680165e-05,1.9576657851868447e-06,1.9089392547921934e-06,1.5925102365757202e-05,1.7515216453317586e-06,1.7087294900933029e-06,9.36633515876314e-06,1.4462666354334045e-06,1.4122608192748657e-06,0.999999999538033,6.191608735421727e-11,5.901582654574447e-11
426,1422.573467030134,0.0006150630651973188,426.0,0.0,long,4,4240,1410.9101007497559,1410.9309109298442,236.0,199.0,900.0,-2.406976521680165e-05,1.9576657851868447e-06,1.9089392547921934e-06,1.5925102365757202e-05,1.7515216453317586e-06,1.7087294900933029e-06,9.36633515876314e-06,1.4462666354334045e-06,1.4122608192748657e-06,0.999999999538033,6.191608735421727e-11,5.901582654574447e-11
427,1422.5943003549708,0.0006152186542749405,427.0,0.0,long,4,4240,1410.9101007497559,1410.9309109298442,236.0,199.0,900.0,-2.406976521680165e-05,1.9576657851868447e-06,1.9089392547921934e-06,1.5925102365757202e-05,1.7515216453317586e-06,1.7087294900933029e-06,9.36633515876314e-06,1.4462666354334045e-06,1.4122608192748657e-06,0.999999999538033,6.191608735421727e-11,5.901582654574447e-11
428,1422.6151336798075,0.0006153736612759531,428.0,0.0,long,4,4240,1410.9101007497559,1410.9309109298442,236.0,199.0,900.0,-2.406976521680165e-05,1.9576657851868447e-06,1.9089392547921934e-06,1.5925102365757202e-05,1.7515216453317586e-06,1.7087294900933029e-06,9.36633515876314e-06,1.4462666354334045e-06,1.4122608192748657e-06,0.999999999538033,6.191608735421727e-11,5.901582654574447e-11
429,1422.635967004644,0.0006155279115773737,429.0,0.0,long,4,4240,1410.9101007497559,1410.9309109298442,236.0,199.0,900.0,-2.406976521680165e-05,1.9576657851868447e-06,1.9089392547921934e-06,1.5925102365757202e-05,1.7515216453317586e-06,1.7087294900933029e-06,9.36633515876314e-06,1.4462666354334045e-06,1.4122608192748657e-06,0.999999999538033,6.191608735421727e-11,5.901582654574447e-11
430,1422.6568003294801,0.0006156815798021853,430.0,0.0,long,4,4240,1410.9101007497559,1410.9309109298442,236.0,199.0,900.0,-2.406976521680165e-05,1.9576657851868447e-06,1.9089392547921934e-06,1.5925102365757202e-05,1.7515216453317586e-06,1.7087294900933029e-06,9.36633515876314e-06,1.4462666354334045e-06,1.4122608192748657e-06,0.999999999538033,6.191608735421727e-11,5.901582654574447e-11
431,1422.677633654316,0.0006158345495350659,431.0,0.0,long,4,4240,1410.9101007497559,1410.9309109298442,236.0,199.0,900.0,-2.406976521680165e-05,1.9576657851868447e-06,1.9089392547921934e-06,1.5925102365757202e-05,1.7515216453317586e-06,1.7087294900933029e-06,9.36633515876314e-06,1.4462666354334045e-06,1.4122608192748657e-06,0.999999999538033,6.191608735421727e-11,5.901582654574447e-11
432,1422.6984669791523,0.0006159868207760155,432.0,0.0,long,4,4240,1410.9101007497559,1410.9309109298442,236.0,199.0,900.0,-2.406976521680165e-05,1.9576657851868447e-06,1.9089392547921934e-06,1.5925102365757202e-05,1.7515216453317586e-06,1.7087294900933029e-06,9.36633515876314e-06,1.4462666354334045e-06,1.4122608192748657e-06,0.999999999538033,6.191608735421727e-11,5.901582654574447e-11
433,1422.7193003039886,0.000616138509940356,433.0,0.0,long,4,4240,1410.9101007497559,1410.9309109298442,236.0,199.0,900.0,-2.406976521680165e-05,1.9576657851868447e-06,1.9089392547921934e-06,1.5925102365757202e-05,1.7515216453317586e-06,1.7087294900933029e-06,9.36633515876314e-06,1.4462666354334045e-06,1.4122608192748657e-06,0.999999999538033,6.191608735421727e-11,5.901582654574447e-11
434,1422.7401336288258,0.0006162895588204265,434.0,0.0,long,4,4240,1410.9101007497559,1410.9309109298442,236.0,199.0,900.0,-2.406976521680165e-05,1.9576657851868447e-06,1.9089392547921934e-06,1.5925102365757202e-05,1.7515216453317586e-06,1.7087294900933029e-06,9.36633515876314e-06,1.4462666354334045e-06,1.4122608192748657e-06,0.999999999538033,6.191608735421727e-11,5.901582654574447e-11
435,1422.7609669536625,0.0006164399674162269,435.0,0.0,long,4,4240,1410.9101007497559,1410.9309109298442,236.0,199.0,900.0,-2.406976521680165e-05,1.9576657851868447e-06,1.9089392547921934e-06,1.5925102365757202e-05,1.7515216453317586e-06,1.7087294900933029e-06,9.36633515876314e-06,1.4462666354334045e-06,1.4122608192748657e-06,0.999999999538033,6.191608735421727e-11,5.901582654574447e-11
436,1422.7818002784993,0.0006165897357277572,436.0,0.0,long,4,4240,1410.9101007497559,1410.9309109298442,236.0,199.0,900.0,-2.406976521680165e-05,1.9576657851868447e-06,1.9089392547921934e-06,1.5925102365757202e-05,1.7515216453317586e-06,1.7087294900933029e-06,9.36633515876314e-06,1.4462666354334045e-06,1.4122608192748657e-06,0.999999999538033,6.191608735421727e-11,5.901582654574447e-11
437,1422.8026336033345,0.0006167389219626784,437.0,0.0,long,4,4240,1410.9101007497559,1410.9309109298442,236.0,199.0,900.0,-2.406976521680165e-05,1.9576657851868447e-06,1.9089392547921934e-06,1.5925102365757202e-05,1.7515216453317586e-06,1.7087294900933029e-06,9.36633515876314e-06,1.4462666354334045e-06,1.4122608192748657e-06,0.999999999538033,6.191608735421727e-11,5.901582654574447e-11
438,1422.823466928171,0.0006168875261209905,438.0,0.0,long,4,4240,1410.9101007497559,1410.9309109298442,236.0,199.0,900.0,-2.406976521680165e-05,1.9576657851868447e-06,1.9089392547921934e-06,1.5925102365757202e-05,1.7515216453317586e-06,1.7087294900933029e-06,9.36633515876314e-06,1.4462666354334045e-06,1.4122608192748657e-06,0.999999999538033,6.191608735421727e-11,5.901582654574447e-11
439,1422.8443002530075,0.0006170354899950325,439.0,0.0,long,4,4240,1410.9101007497559,1410.9309109298442,236.0,199.0,900.0,-2.406976521680165e-05,1.9576657851868447e-06,1.9089392547921934e-06,1.5925102365757202e-05,1.7515216453317586e-06,1.7087294900933029e-06,9.36633515876314e-06,1.4462666354334045e-06,1.4122608192748657e-06,0.999999999538033,6.191608735421727e-11,5.901582654574447e-11
440,1422.8651335778443,0.0006171829882077873,440.0,0.0,long,4,4240,1410.9101007497559,1410.9309109298442,236.0,199.0,900.0,-2.406976521680165e-05,1.9576657851868447e-06,1.9089392547921934e-06,1.5925102365757202e-05,1.7515216453317586e-06,1.7087294900933029e-06,9.36633515876314e-06,1.4462666354334045e-06,1.4122608192748657e-06,0.999999999538033,6.191608735421727e-11,5.901582654574447e-11
441,1422.8859669026815,0.000617329846136272,441.0,0.0,long,4,4240,1410.9101007497559,1410.9309109298442,236.0,199.0,900.0,-2.406976521680165e-05,1.9576657851868447e-06,1.9089392547921934e-06,1.5925102365757202e-05,1.7515216453317586e-06,1.7087294900933029e-06,9.36633515876314e-06,1.4462666354334045e-06,1.4122608192748657e-06,0.999999999538033,6.191608735421727e-11,5.901582654574447e-11
442,1422.9068002275176,0.0006174762384034693,442.0,0.0,long,4,4240,1410.9101007497559,1410.9309109298442,236.0,199.0,900.0,-2.406976521680165e-05,1.9576657851868447e-06,1.9089392547921934e-06,1.5925102365757202e-05,1.7515216453317586e-06,1.7087294900933029e-06,9.36633515876314e-06,1.4462666354334045e-06,1.4122608192748657e-06,0.999999999538033,6.191608735421727e-11,5.901582654574447e-11
443,1422.9276335523532,0.0006176221068017185,443.0,164.0,long,4,4240,1410.9101007497559,1410.9306563002767,236.0,199.0,889.0,-2.40754622474059e-05,1.95099304637975e-06,1.901379813340699e-06,1.59252487059285e-05,1.741039402170137e-06,1.6972875437113322e-06,9.36582992700078e-06,1.4226149887087052e-06,1.3977311455191086e-06,0.999999999537837,6.182701647516918e-11,5.888984717231475e-11
444,1422.9484668771888,0.0006177675095386803,444.0,164.0,long,4,4240,1410.9098461201897,1410.9306563002767,236.0,199.0,900.0,-2.407993216617035e-05,1.9511866634642927e-06,1.9021281115384127e-06,1.593267276763e-05,1.7472999418654022e-06,1.7041955434927364e-06,9.361687001397936e-06,1.4190866280993623e-06,1.3944475290514042e-06,0.9999999995378466,6.20445379427632e-11,5.916388058522065e-11
445,1422.9693002020254,0.0006179124466143548,445.0,128.0,long,4,4240,1410.9101007497559,1410.9309109298442,236.0,199.0,900.0,-2.406976521680165e-05,1.9576657851868447e-06,1.9089392547921934e-06,1.5925102365757202e-05,1.7515216453317586e-06,1.7087294900933029e-06,9.36633515876314e-06,1.4462666354334045e-06,1.4122608192748657e-06,0.999999999538033,6.191608735421727e-11,5.901582654574447e-11
446,1422.9901335268614,0.0006180569180287421,446.0,0.0,long,4,4240,1410.9101007497559,1410.9309109298442,236.0,199.0,900.0,-2.406976521680165e-05,1.9576657851868447e-06,1.9089392547921934e-06,1.5925102365757202e-05,1.7515216453317586e-06,1.7087294900933029e-06,9.36633515876314e-06,1.4462666354334045e-06,1.4122608192748657e-06,0.999999999538033,6.191608735421727e-11,5.901582654574447e-11
447,1423.0109668516984,0.0006182010401971638,447.0,0.0,long,4,4240,1410.9101007497559,1410.9309109298442,236.0,199.0,900.0,-2.406976521680165e-05,1.9576657851868447e-06,1.9089392547921934e-06,1.5925102365757202e-05,1.7515216453317586e-06,1.7087294900933029e-06,9.36633515876314e-06,1.4462666354334045e-06,1.4122608192748657e-06,0.999999999538033,6.191608735421727e-11,5.901582654574447e-11
448,1423.0318001765356,0.0006183447549119592,448.0,0.0,long,4,4240,1410.9101007497559,1410.9309109298442,236.0,199.0,900.0,-2.406976521680165e-05,1.9576657851868447e-06,1.9089392547921934e-06,1.5925102365757202e-05,1.7515216453317586e-06,1.7087294900933029e-06,9.36633515876314e-06,1.4462666354334045e-06,1.4122608192748657e-06,0.999999999538033,6.191608735421727e-11,5.901582654574447e-11
449,1423.0526335013715,0.000618488120380789,449.0,0.0,long,4,4240,1410.9101007497559,1410.9309109298442,236.0,199.0,900.0,-2.406976521680165e-05,1.9576657851868447e-06,1.9089392547921934e-06,1.5925102365757202e-05,1.7515216453317586e-06,1.7087294900933029e-06,9.36633515876314e-06,1.4462666354334045e-06,1.4122608192748657e-06,0.999999999538033,6.191608735421727e-11,5.901582654574447e-11
450,1423.0734668262076,0.0006186311948113143,450.0,0.0,long,4,4240,1410.9101007497559,1410.9309109298442,236.0,199.0,900.0,-2.406976521680165e-05,1.9576657851868447e-06,1.9089392547921934e-06,1.5925102365757202e-05,1.7515216453317586e-06,1.7087294900933029e-06,9.36633515876314e-06,1.4462666354334045e-06,1.4122608192748657e-06,0.999999999538033,6.191608735421727e-11,5.901582654574447e-11
451,1423.0943001510436,0.0006187739782035351,451.0,0.0,long,4,4240,1410.9101007497559,1410.9309109298442,236.0,199.0,900.0,-2.406976521680165e-05,1.9576657851868447e-06,1.9089392547921934e-06,1.5925102365757202e-05,1.7515216453317586e-06,1.7087294900933029e-06,9.36633515876314e-06,1.4462666354334045e-06,1.4122608192748657e-06,0.999999999538033,6.191608735421727e-11,5.901582654574447e-11
452,1423.115133475881,0.0006189165869727731,452.0,0.0,long,4,4240,1410.9101007497559,1410.9309109298442,236.0,199.0,900.0,-2.406976521680165e-05,1.9576657851868447e-06,1.9089392547921934e-06,1.5925102365757202e-05,1.7515216453317586e-06,1.7087294900933029e-06,9.36633515876314e-06,1.4462666354334045e-06,1.4122608192748657e-06,0.999999999538033,6.191608735421727e-11,5.901582654574447e-11
453,1423.135966800718,0.0006190589629113674,453.0,0.0,long,4,4240,1410.9101007497559,1410.9309109298442,236.0,199.0,900.0,-2.406976521680165e-05,1.9576657851868447e-06,1.9089392547921934e-06,1.5925102365757202e-05,1.7515216453317586e-06,1.7087294900933029e-06,9.36633515876314e-06,1.4462666354334045e-06,1.4122608192748657e-06,0.999999999538033,6.191608735421727e-11,5.901582654574447e-11
454,1423.1568001255541,0.0006192012224346399,454.0,0.0,long,4,4240,1410.9101007497559,1410.9309109298442,236.0,199.0,900.0,-2.406976521680165e-05,1.9576657851868447e-06,1.9089392547921934e-06,1.5925102365757202e-05,1.7515216453317586e-06,1.7087294900933029e-06,9.36633515876314e-06,1.4462666354334045e-06,1.4122608192748657e-06,0.999999999538033,6.191608735421727e-11,5.901582654574447e-11
455,1423.1776334503902,0.0006193434237502515,455.0,0.0,long,4,4240,1410.9101007497559,1410.9309109298442,236.0,199.0,900.0,-2.406976521680165e-05,1.9576657851868447e-06,1.9089392547921934e-06,1.5925102365757202e-05,1.7515216453317586e-06,1.7087294900933029e-06,9.36633515876314e-06,1.4462666354334045e-06,1.4122608192748657e-06,0.999999999538033,6.191608735421727e-11,5.901582654574447e-11
456,1423.1984667752267,0.0006194855668582022,456.0,0.0,long,4,4240,1410.9101007497559,1410.9309109298442,236.0,199.0,900.0,-2.406976521680165e-05,1.9576657851868447e-06,1.9089392547921934e-06,1.5925102365757202e-05,1.7515216453317586e-06,1.7087294900933029e-06,9.36633515876314e-06,1.4462666354334045e-06,1.4122608192748657e-06,0.999999999538033,6.191608735421727e-11,5.901582654574447e-11
457,1423.2193001000628,0.0006196277681738138,457.0,0.0,long,4,4240,1410.9101007497559,1410.9309109298442,236.0,199.0,900.0,-2.406976521680165e-05,1.9576657851868447e-06,1.9089392547921934e-06,1.5925102365757202e-05,1.7515216453317586e-06,1.7087294900933029e-06,9.36633515876314e-06,1.4462666354334045e-06,1.4122608192748657e-06,0.999999999538033,6.191608735421727e-11,5.901582654574447e-11
458,1423.2401334248998,0.0006197700276970863,458.0,0.0,long,4,4240,1410.9101007497559,1410.9309109298442,236.0,199.0,900.0,-2.406976521680165e-05,1.9576657851868447e-06,1.9089392547921934e-06,1.5925102365757202e-05,1.7515216453317586e-06,1.7087294900933029e-06,9.36633515876314e-06,1.4462666354334045e-06,1.4122608192748657e-06,0.999999999538033,6.191608735421727e-11,5.901582654574447e-11
459,1423.2609667497363,0.0006199124036356807,459.0,0.0,long,4,4240,1410.9101007497559,1410.9309109298442,236.0,199.0,900.0,-2.406976521680165e-05,1.9576657851868447e-06,1.9089392547921934e-06,1.5925102365757202e-05,1.7515216453317586e-06,1.7087294900933029e-06,9.36633515876314e-06,1.4462666354334045e-06,1.4122608192748657e-06,0.999999999538033,6.191608735421727e-11,5.901582654574447e-11
460,1423.281800074573,0.0006200550124049187,460.0,0.0,long,4,4240,1410.9101007497559,1410.9309109298442,236.0,199.0,900.0,-2.406976521680165e-05,1.9576657851868447e-06,1.9089392547921934e-06,1.5925102365757202e-05,1.7515216453317586e-06,1.7087294900933029e-06,9.36633515876314e-06,1.4462666354334045e-06,1.4122608192748657e-06,0.999999999538033,6.191608735421727e-11,5.901582654574447e-11
461,1423.302633399409,0.0006201979122124612,461.0,0.0,long,4,4240,1410.9101007497559,1410.9309109298442,236.0,199.0,900.0,-2.406976521680165e-05,1.9576657851868447e-06,1.9089392547921934e-06,1.5925102365757202e-05,1.7515216453317586e-06,1.7087294900933029e-06,9.36633515876314e-06,1.4462666354334045e-06,1.4122608192748657e-06,0.999999999538033,6.191608735421727e-11,5.901582654574447e-11
462,1423.3234667242452,0.0006203411612659693,462.0,0.0,long,4,4240,1410.9101007497559,1410.9309109298442,236.0,199.0,900.0,-2.406976521680165e-05,1.9576657851868447e-06,1.9089392547921934e-06,1.5925102365757202e-05,1.7515216453317586e-06,1.7087294900933029e-06,9.36633515876314e-06,1.4462666354334045e-06,1.4122608192748657e-06,0.999999999538033,6.191608735421727e-11,5.901582654574447e-11
463,1423.3443000490822,0.0006204848177731037,463.0,0.0,long,4,4240,1410.9101007497559,1410.9309109298442,236.0,199.0,900.0,-2.406976521680165e-05,1.9576657851868447e-06,1.9089392547921934e-06,1.5925102365757202e-05,1.7515216453317586e-06,1.7087294900933029e-06,9.36633515876314e-06,1.4462666354334045e-06,1.4122608192748657e-06,0.999999999538033,6.191608735421727e-11,5.901582654574447e-11
464,1423.3651333739194,0.0006206289981491864,464.0,0.0,long,4,4240,1410.9101007497559,1410.9309109298442,236.0,199.0,900.0,-2.406976521680165e-05,1.9576657851868447e-06,1.9089392547921934e-06,1.5925102365757202e-05,1.7515216453317586e-06,1.7087294900933029e-06,9.36633515876314e-06,1.4462666354334045e-06,1.4122608192748657e-06,0.999999999538033,6.191608735421727e-11,5.901582654574447e-11
465,1423.3859666987555,0.0006207737023942173,465.0,0.0,long,4,4240,1410.9101007497559,1410.9309109298442,236.0,199.0,900.0,-2.406976521680165e-05,1.9576657851868447e-06,1.9089392547921934e-06,1.5925102365757202e-05,1.7515216453317586e-06,1.7087294900933029e-06,9.36633515876314e-06,1.4462666354334045e-06,1.4122608192748657e-06,0.999999999538033,6.191608735421727e-11,5.901582654574447e-11
466,1423.4068000235914,0.0006209191051311791,466.0,0.0,long,4,4240,1410.9101007497559,1410.9309109298442,236.0,199.0,900.0,-2.406976521680165e-05,1.9576657851868447e-06,1.9089392547921934e-06,1.5925102365757202e-05,1.7515216453317586e-06,1.7087294900933029e-06,9.36633515876314e-06,1.4462666354334045e-06,1.4122608192748657e-06,0.999999999538033,6.191608735421727e-11,5.901582654574447e-11
467,1423.4276333484274,0.0006210652645677328,467.0,0.0,long,4,4240,1410.9101007497559,1410.9309109298442,236.0,199.0,900.0,-2.406976521680165e-05,1.9576657851868447e-06,1.9089392547921934e-06,1.5925102365757202e-05,1.7515216453317586e-06,1.7087294900933029e-06,9.36633515876314e-06,1.4462666354334045e-06,1.4122608192748657e-06,0.999999999538033,6.191608735421727e-11,5.901582654574447e-11
468,1423.4484666732646,0.0006212122389115393,468.0,0.0,long,4,4240,1410.9101007497559,1410.9309109298442,236.0,199.0,900.0,-2.406976521680165e-05,1.9576657851868447e-06,1.9089392547921934e-06,1.5925102365757202e-05,1.7515216453317586e-06,1.7087294900933029e-06,9.36633515876314e-06,1.4462666354334045e-06,1.4122608192748657e-06,0.999999999538033,6.191608735421727e-11,5.901582654574447e-11
469,1423.4692999981016,0.0006213601445779204,469.0,0.0,long,4,4240,1410.9101007497559,1410.9309109298442,236.0,199.0,900.0,-2.406976521680165e-05,1.9576657851868447e-06,1.9089392547921934e-06,1.5925102365757202e-05,1.7515216453317586e-06,1.7087294900933029e-06,9.36633515876314e-06,1.4462666354334045e-06,1.4122608192748657e-06,0.999999999538033,6.191608735421727e-11,5.901582654574447e-11
470,1423.4901333229373,0.0006215090397745371,470.0,0.0,long,4,4240,1410.9101007497559,1410.9309109298442,236.0,199.0,900.0,-2.406976521680165e-05,1.9576657851868447e-06,1.9089392547921934e-06,1.5925102365757202e-05,1.7515216453317586e-06,1.7087294900933029e-06,9.36633515876314e-06,1.4462666354334045e-06,1.4122608192748657e-06,0.999999999538033,6.191608735421727e-11,5.901582654574447e-11
471,1424.573466218661,0.0006317873485386372,471.0,0.0,long,4,4240,1410.9347303733548,1410.9555405534431,236.0,199.0,900.0,-2.412889195140405e-05,2.6364017667296428e-06,2.4865432178169893e-06,1.57924737014897e-05,2.213299279439177e-06,2.1445001849435716e-06,9.42564012095941e-06,1.6716920020902643e-06,1.59765869566512e-06,0.9999999995390445,8.385222273961246e-11,7.776201236894731e-11
472,1424.5942995436008,0.0006320290267467499,472.0,0.0,long,4,4240,1410.9101007497559,1410.9309109298442,236.0,199.0,900.0,-2.406976521680165e-05,1.9576657851868447e-06,1.9089392547921934e-06,1.5925102365757202e-05,1.7515216453317586e-06,1.7087294900933029e-06,9.36633515876314e-06,1.4462666354334045e-06,1.4122608192748657e-06,0.999999999538033,6.191608735421727e-11,5.901582654574447e-11
473,1424.6151328685423,0.0006322716944850981,473.0,0.0,long,4,4240,1410.9101007497559,1410.9309109298442,236.0,199.0,900.0,-2.406976521680165e-05,1.9576657851868447e-06,1.9089392547921934e-06,1.5925102365757202e-05,1.7515216453317586e-06,1.7087294900933029e-06,9.36633515876314e-06,1.4462666354334045e-06,1.4122608192748657e-06,0.999999999538033,6.191608735421727e-11,5.901582654574447e-11
474,1424.635966193483,0.000632515293546021,474.0,0.0,long,4,4240,1410.9101007497559,1410.9309109298442,236.0,199.0,900.0,-2.406976521680165e-05,1.9576657851868447e-06,1.9089392547921934e-06,1.5925102365757202e-05,1.7515216453317586e-06,1.7087294900933029e-06,9.36633515876314e-06,1.4462666354334045e-06,1.4122608192748657e-06,0.999999999538033,6.191608735421727e-11,5.901582654574447e-11
475,1424.6567995184237,0.0006327597657218575,475.0,0.0,long,4,4240,1410.9101007497559,1410.9309109298442,236.0,199.0,900.0,-2.406976521680165e-05,1.9576657851868447e-06,1.9089392547921934e-06,1.5925102365757202e-05,1.7515216453317586e-06,1.7087294900933029e-06,9.36633515876314e-06,1.4462666354334045e-06,1.4122608192748657e-06,0.999999999538033,6.191608735421727e-11,5.901582654574447e-11
476,1424.6776328433648,0.0006330051110126078,476.0,0.0,long,4,4240,1410.9101007497559,1410.9309109298442,236.0,199.0,900.0,-2.406976521680165e-05,1.9576657851868447e-06,1.9089392547921934e-06,1.5925102365757202e-05,1.7515216453317586e-06,1.7087294900933029e-06,9.36633515876314e-06,1.4462666354334045e-06,1.4122608192748657e-06,0.999999999538033,6.191608735421727e-11,5.901582654574447e-11
477,1424.698466168305,0.00063325121300295,477.0,0.0,long,4,4240,1410.9101007497559,1410.9309109298442,236.0,199.0,900.0,-2.406976521680165e-05,1.9576657851868447e-06,1.9089392547921934e-06,1.5925102365757202e-05,1.7515216453317586e-06,1.7087294900933029e-06,9.36633515876314e-06,1.4462666354334045e-06,1.4122608192748657e-06,0.999999999538033,6.191608735421727e-11,5.901582654574447e-11
478,1424.7192994932448,0.000633498071692884,478.0,0.0,long,4,4240,1410.9101007497559,1410.9309109298442,236.0,199.0,900.0,-2.406976521680165e-05,1.9576657851868447e-06,1.9089392547921934e-06,1.5925102365757202e-05,1.7515216453317586e-06,1.7087294900933029e-06,9.36633515876314e-06,1.4462666354334045e-06,1.4122608192748657e-06,0.999999999538033,6.191608735421727e-11,5.901582654574447e-11
479,1424.7401328181859,0.0006337457452900708,479.0,0.0,long,4,4240,1410.9101007497559,1410.9309109298442,236.0,199.0,900.0,-2.406976521680165e-05,1.9576657851868447e-06,1.9089392547921934e-06,1.5925102365757202e-05,1.7515216453317586e-06,1.7087294900933029e-06,9.36633515876314e-06,1.4462666354334045e-06,1.4122608192748657e-06,0.999999999538033,6.191608735421727e-11,5.901582654574447e-11
480,1424.7609661431275,0.0006339940591715276,480.0,0.0,long,4,4240,1410.9101007497559,1410.9309109298442,236.0,199.0,900.0,-2.406976521680165e-05,1.9576657851868447e-06,1.9089392547921934e-06,1.5925102365757202e-05,1.7515216453317586e-06,1.7087294900933029e-06,9.36633515876314e-06,1.4462666354334045e-06,1.4122608192748657e-06,0.999999999538033,6.191608735421727e-11,5.901582654574447e-11
481,1424.7817994680674,0.0006342430715449154,481.0,0.0,long,4,4240,1410.9101007497559,1410.9309109298442,236.0,199.0,900.0,-2.406976521680165e-05,1.9576657851868447e-06,1.9089392547921934e-06,1.5925102365757202e-05,1.7515216453317586e-06,1.7087294900933029e-06,9.36633515876314e-06,1.4462666354334045e-06,1.4122608192748657e-06,0.999999999538033,6.191608735421727e-11,5.901582654574447e-11
482,1424.8026327930088,0.0006344927242025733,482.0,0.0,long,4,4240,1410.9101007497559,1410.9309109298442,236.0,199.0,900.0,-2.406976521680165e-05,1.9576657851868447e-06,1.9089392547921934e-06,1.5925102365757202e-05,1.7515216453317586e-06,1.7087294900933029e-06,9.36633515876314e-06,1.4462666354334045e-06,1.4122608192748657e-06,0.999999999538033,6.191608735421727e-11,5.901582654574447e-11
483,1424.8234661179495,0.0006347430171445012,483.0,0.0,long,4,4240,1410.9101007497559,1410.9309109298442,236.0,199.0,900.0,-2.406976521680165e-05,1.9576657851868447e-06,1.9089392547921934e-06,1.5925102365757202e-05,1.7515216453317586e-06,1.7087294900933029e-06,9.36633515876314e-06,1.4462666354334045e-06,1.4122608192748657e-06,0.999999999538033,6.191608735421727e-11,5.901582654574447e-11
484,1424.8442994428901,0.0006349938921630383,484.0,0.0,long,4,4240,1410.9101007497559,1410.9309109298442,236.0,199.0,900.0,-2.406976521680165e-05,1.9576657851868447e-06,1.9089392547921934e-06,1.5925102365757202e-05,1.7515216453317586e-06,1.7087294900933029e-06,9.36633515876314e-06,1.4462666354334045e-06,1.4122608192748657e-06,0.999999999538033,6.191608735421727e-11,5.901582654574447e-11
485,1424.8651327678303,0.0006352452910505235,485.0,0.0,long,4,4240,1410.9101007497559,1410.9309109298442,236.0,199.0,900.0,-2.406976521680165e-05,1.9576657851868447e-06,1.9089392547921934e-06,1.5925102365757202e-05,1.7515216453317586e-06,1.7087294900933029e-06,9.36633515876314e-06,1.4462666354334045e-06,1.4122608192748657e-06,0.999999999538033,6.191608735421727e-11,5.901582654574447e-11
486,1424.8859660927706,0.0006354972720146179,486.0,128.0,long,4,4240,1410.9101007497559,1410.9309109298442,236.0,199.0,900.0,-2.406976521680165e-05,1.9576657851868447e-06,1.9089392547921934e-06,1.5925102365757202e-05,1.7515216453317586e-06,1.7087294900933029e-06,9.36633515876314e-06,1.4462666354334045e-06,1.4122608192748657e-06,0.999999999538033,6.191608735421727e-11,5.901582654574447e-11
487,1424.9067994177108,0.0006357497186399996,487.0,0.0,long,4,4240,1410.9101007497559,1410.9309109298442,236.0,199.0,900.0,-2.406976521680165e-05,1.9576657851868447e-06,1.9089392547921934e-06,1.5925102365757202e-05,1.7515216453317586e-06,1.7087294900933029e-06,9.36633515876314e-06,1.4462666354334045e-06,1.4122608192748657e-06,0.999999999538033,6.191608735421727e-11,5.901582654574447e-11
488,1424.9276327426514,0.0006360026891343296,488.0,128.0,long,4,4240,1410.9101007497559,1410.9309109298442,236.0,199.0,900.0,-2.406976521680165e-05,1.9576657851868447e-06,1.9089392547921934e-06,1.5925102365757202e-05,1.7515216453317586e-06,1.7087294900933029e-06,9.36633515876314e-06,1.4462666354334045e-06,1.4122608192748657e-06,0.999999999538033,6.191608735421727e-11,5.901582654574447e-11
489,1424.948466067593,0.0006362560670822859,489.0,0.0,long,4,4240,1410.9101007497559,1410.9309109298442,236.0,199.0,900.0,-2.406976521680165e-05,1.9576657851868447e-06,1.9089392547921934e-06,1.5925102365757202e-05,1.7515216453317586e-06,1.7087294900933029e-06,9.36633515876314e-06,1.4462666354334045e-06,1.4122608192748657e-06,0.999999999538033,6.191608735421727e-11,5.901582654574447e-11
490,1424.9692993925337,0.0006365099688991904,490.0,0.0,long,4,4240,1410.9101007497559,1410.9309109298442,236.0,199.0,900.0,-2.406976521680165e-05,1.9576657851868447e-06,1.9089392547921934e-06,1.5925102365757202e-05,1.7515216453317586e-06,1.7087294900933029e-06,9.36633515876314e-06,1.4462666354334045e-06,1.4122608192748657e-06,0.999999999538033,6.191608735421727e-11,5.901582654574447e-11
491,1424.990132717474,0.0006367642199620605,491.0,0.0,long,4,4240,1410.9101007497559,1410.9309109298442,236.0,199.0,900.0,-2.406976521680165e-05,1.9576657851868447e-06,1.9089392547921934e-06,1.5925102365757202e-05,1.7515216453317586e-06,1.7087294900933029e-06,9.36633515876314e-06,1.4462666354334045e-06,1.4122608192748657e-06,0.999999999538033,6.191608735421727e-11,5.901582654574447e-11
492,1425.010966042415,0.0006370188784785569,492.0,0.0,long,4,4240,1410.9101007497559,1410.9309109298442,236.0,199.0,900.0,-2.406976521680165e-05,1.9576657851868447e-06,1.9089392547921934e-06,1.5925102365757202e-05,1.7515216453317586e-06,1.7087294900933029e-06,9.36633515876314e-06,1.4462666354334045e-06,1.4122608192748657e-06,0.999999999538033,6.191608735421727e-11,5.901582654574447e-11
493,1425.0317993673561,0.0006372739444486797,493.0,0.0,long,4,4240,1410.9101007497559,1410.9309109298442,236.0,199.0,900.0,-2.406976521680165e-05,1.9576657851868447e-06,1.9089392547921934e-06,1.5925102365757202e-05,1.7515216453317586e-06,1.7087294900933029e-06,9.36633515876314e-06,1.4462666354334045e-06,1.4122608192748657e-06,0.999999999538033,6.191608735421727e-11,5.901582654574447e-11
494,1425.0526326922968,0.000637529359664768,494.0,0.0,long,4,4240,1410.9101007497559,1410.9309109298442,236.0,199.0,900.0,-2.406976521680165e-05,1.9576657851868447e-06,1.9089392547921934e-06,1.5925102365757202e-05,1.7515216453317586e-06,1.7087294900933029e-06,9.36633515876314e-06,1.4462666354334045e-06,1.4122608192748657e-06,0.999999999538033,6.191608735421727e-11,5.901582654574447e-11
495,1425.073466017237,0.0006377850659191608,495.0,0.0,long,4,4240,1410.9101007497559,1410.9309109298442,236.0,199.0,900.0,-2.406976521680165e-05,1.9576657851868447e-06,1.9089392547921934e-06,1.5925102365757202e-05,1.7515216453317586e-06,1.7087294900933029e-06,9.36633515876314e-06,1.4462666354334045e-06,1.4122608192748657e-06,0.999999999538033,6.191608735421727e-11,5.901582654574447e-11
496,1425.0942993421777,0.0006380411214195192,496.0,0.0,long,4,4240,1410.9101007497559,1410.9309109298442,236.0,199.0,900.0,-2.406976521680165e-05,1.9576657851868447e-06,1.9089392547921934e-06,1.5925102365757202e-05,1.7515216453317586e-06,1.7087294900933029e-06,9.36633515876314e-06,1.4462666354334045e-06,1.4122608192748657e-06,0.999999999538033,6.191608735421727e-11,5.901582654574447e-11
497,1425.1151326671175,0.000638297526165843,497.0,0.0,long,4,4240,1410.9101007497559,1410.9309109298442,236.0,199.0,900.0,-2.406976521680165e-05,1.9576657851868447e-06,1.9089392547921934e-06,1.5925102365757202e-05,1.7515216453317586e-06,1.7087294900933029e-06,9.36633515876314e-06,1.4462666354334045e-06,1.4122608192748657e-06,0.999999999538033,6.191608735421727e-11,5.901582654574447e-11
498,1425.1359659920593,0.0006385541637428105,498.0,0.0,long,4,4240,1410.9101007497559,1410.9309109298442,236.0,199.0,900.0,-2.406976521680165e-05,1.9576657851868447e-06,1.9089392547921934e-06,1.5925102365757202e-05,1.7515216453317586e-06,1.7087294900933029e-06,9.36633515876314e-06,1.4462666354334045e-06,1.4122608192748657e-06,0.999999999538033,6.191608735421727e-11,5.901582654574447e-11
499,1425.1567993170002,0.0006388110923580825,499.0,0.0,long,4,4240,1410.9101007497559,1410.9309109298442,236.0,199.0,900.0,-2.406976521680165e-05,1.9576657851868447e-06,1.9089392547921934e-06,1.5925102365757202e-05,1.7515216453317586e-06,1.7087294900933029e-06,9.36633515876314e-06,1.4462666354334045e-06,1.4122608192748657e-06,0.999999999538033,6.191608735421727e-11,5.901582654574447e-11
500,1425.1776326419408,0.0006390682538039982,500.0,0.0,long,4,4240,1410.9101007497559,1410.9309109298442,236.0,199.0,900.0,-2.406976521680165e-05,1.9576657851868447e-06,1.9089392547921934e-06,1.5925102365757202e-05,1.7515216453317586e-06,1.7087294900933029e-06,9.36633515876314e-06,1.4462666354334045e-06,1.4122608192748657e-06,0.999999999538033,6.191608735421727e-11,5.901582654574447e-11
501,1425.1984659668815,0.0006393256480805576,501.0,0.0,long,4,4240,1410.9101007497559,1410.9309109298442,236.0,199.0,900.0,-2.406976521680165e-05,1.9576657851868447e-06,1.9089392547921934e-06,1.5925102365757202e-05,1.7515216453317586e-06,1.7087294900933029e-06,9.36633515876314e-06,1.4462666354334045e-06,1.4122608192748657e-06,0.999999999538033,6.191608735421727e-11,5.901582654574447e-11
502,1425.2192992918222,0.0006395833333954215,502.0,0.0,long,4,4240,1410.9101007497559,1410.9309109298442,236.0,199.0,900.0,-2.406976521680165e-05,1.9576657851868447e-06,1.9089392547921934e-06,1.5925102365757202e-05,1.7515216453317586e-06,1.7087294900933029e-06,9.36633515876314e-06,1.4462666354334045e-06,1.4122608192748657e-06,0.999999999538033,6.191608735421727e-11,5.901582654574447e-11
503,1425.2401326167628,0.0006398411351256073,503.0,0.0,long,4,4240,1410.9101007497559,1410.9309109298442,236.0,199.0,900.0,-2.406976521680165e-05,1.9576657851868447e-06,1.9089392547921934e-06,1.5925102365757202e-05,1.7515216453317586e-06,1.7087294900933029e-06,9.36633515876314e-06,1.4462666354334045e-06,1.4122608192748657e-06,0.999999999538033,6.191608735421727e-11,5.901582654574447e-11
504,1425.260965941704,0.0006400992278940976,504.0,0.0,long,4,4240,1410.9101007497559,1410.9309109298442,236.0,199.0,900.0,-2.406976521680165e-05,1.9576657851868447e-06,1.9089392547921934e-06,1.5925102365757202e-05,1.7515216453317586e-06,1.7087294900933029e-06,9.36633515876314e-06,1.4462666354334045e-06,1.4122608192748657e-06,0.999999999538033,6.191608735421727e-11,5.901582654574447e-11
505,1425.2817992666444,0.0006403574370779097,505.0,0.0,long,4,4240,1410.9101007497559,1410.9309109298442,236.0,199.0,900.0,-2.406976521680165e-05,1.9576657851868447e-06,1.9089392547921934e-06,1.5925102365757202e-05,1.7515216453317586e-06,1.7087294900933029e-06,9.36633515876314e-06,1.4462666354334045e-06,1.4122608192748657e-06,0.999999999538033,6.191608735421727e-11,5.901582654574447e-11
506,1425.3026325915853,0.0006406158208847046,506.0,0.0,long,4,4240,1410.9101007497559,1410.9309109298442,236.0,199.0,900.0,-2.406976521680165e-05,1.9576657851868447e-06,1.9089392547921934e-06,1.5925102365757202e-05,1.7515216453317586e-06,1.7087294900933029e-06,9.36633515876314e-06,1.4462666354334045e-06,1.4122608192748657e-06,0.999999999538033,6.191608735421727e-11,5.901582654574447e-11
507,1425.3234659165257,0.0006408743793144822,507.0,0.0,long,4,4240,1410.9101007497559,1410.9309109298442,236.0,199.0,900.0,-2.406976521680165e-05,1.9576657851868447e-06,1.9089392547921934e-06,1.5925102365757202e-05,1.7515216453317586e-06,1.7087294900933029e-06,9.36633515876314e-06,1.4462666354334045e-06,1.4122608192748657e-06,0.999999999538033,6.191608735421727e-11,5.901582654574447e-11
508,1425.3442992414662,0.0006411331123672426,508.0,0.0,long,4,4240,1410.9101007497559,1410.9309109298442,236.0,199.0,900.0,-2.406976521680165e-05,1.9576657851868447e-06,1.9089392547921934e-06,1.5925102365757202e-05,1.7515216453317586e-06,1.7087294900933029e-06,9.36633515876314e-06,1.4462666354334045e-06,1.4122608192748657e-06,0.999999999538033,6.191608735421727e-11,5.901582654574447e-11
509,1425.3651325664073,0.0006413919618353248,509.0,0.0,long,4,4240,1410.9101007497559,1410.9309109298442,236.0,199.0,900.0,-2.406976521680165e-05,1.9576657851868447e-06,1.9089392547921934e-06,1.5925102365757202e-05,1.7515216453317586e-06,1.7087294900933029e-06,9.36633515876314e-06,1.4462666354334045e-06,1.4122608192748657e-06,0.999999999538033,6.191608735421727e-11,5.901582654574447e-11
510,1425.3859658913489,0.0006416509277187288,510.0,0.0,long,4,4240,1410.9101007497559,1410.9309109298442,236.0,199.0,900.0,-2.406976521680165e-05,1.9576657851868447e-06,1.9089392547921934e-06,1.5925102365757202e-05,1.7515216453317586e-06,1.7087294900933029e-06,9.36633515876314e-06,1.4462666354334045e-06,1.4122608192748657e-06,0.999999999538033,6.191608735421727e-11,5.901582654574447e-11
511,1425.406799216289,0.0006419100100174546,511.0,0.0,long,4,4240,1410.9101007497559,1410.9309109298442,236.0,199.0,900.0,-2.406976521680165e-05,1.9576657851868447e-06,1.9089392547921934e-06,1.5925102365757202e-05,1.7515216453317586e-06,1.7087294900933029e-06,9.36633515876314e-06,1.4462666354334045e-06,1.4122608192748657e-06,0.999999999538033,6.191608735421727e-11,5.901582654574447e-11
512,1425.4276325412293,0.0006421691505238414,512.0,0.0,long,4,4240,1410.9101007497559,1410.9309109298442,236.0,199.0,900.0,-2.406976521680165e-05,1.9576657851868447e-06,1.9089392547921934e-06,1.5925102365757202e-05,1.7515216453317586e-06,1.7087294900933029e-06,9.36633515876314e-06,1.4462666354334045e-06,1.4122608192748657e-06,0.999999999538033,6.191608735421727e-11,5.901582654574447e-11
513,1425.4484658661709,0.0006424284656532109,513.0,0.0,long,4,4240,1410.9101007497559,1410.9309109298442,236.0,199.0,900.0,-2.406976521680165e-05,1.9576657851868447e-06,1.9089392547921934e-06,1.5925102365757202e-05,1.7515216453317586e-06,1.7087294900933029e-06,9.36633515876314e-06,1.4462666354334045e-06,1.4122608192748657e-06,0.999999999538033,6.191608735421727e-11,5.901582654574447e-11
514,1425.4692991911106,0.0006426878389902413,514.0,0.0,long,4,4240,1410.9101007497559,1410.9309109298442,236.0,199.0,900.0,-2.406976521680165e-05,1.9576657851868447e-06,1.9089392547921934e-06,1.5925102365757202e-05,1.7515216453317586e-06,1.7087294900933029e-06,9.36633515876314e-06,1.4462666354334045e-06,1.4122608192748657e-06,0.999999999538033,6.191608735421727e-11,5.901582654574447e-11
515,1425.4901325160513,0.0006429472705349326,515.0,0.0,long,4,4240,1410.9101007497559,1410.9309109298442,236.0,199.0,900.0,-2.406976521680165e-05,1.9576657851868447e-06,1.9089392547921934e-06,1.5925102365757202e-05,1.7515216453317586e-06,1.7087294900933029e-06,9.36633515876314e-06,1.4462666354334045e-06,1.4122608192748657e-06,0.999999999538033,6.191608735421727e-11,5.901582654574447e-11
516,1425.5109658409924,0.0006432067602872849,516.0,0.0,long,4,4240,1410.9101007497559,1410.9309109298442,236.0,199.0,900.0,-2.406976521680165e-05,1.9576657851868447e-06,1.9089392547921934e-06,1.5925102365757202e-05,1.7515216453317586e-06,1.7087294900933029e-06,9.36633515876314e-06,1.4462666354334045e-06,1.4122608192748657e-06,0.999999999538033,6.191608735421727e-11,5.901582654574447e-11
517,1425.5317991659326,0.0006434663664549589,517.0,0.0,long,4,4240,1410.9101007497559,1410.9309109298442,236.0,199.0,900.0,-2.406976521680165e-05,1.9576657851868447e-06,1.9089392547921934e-06,1.5925102365757202e-05,1.7515216453317586e-06,1.7087294900933029e-06,9.36633515876314e-06,1.4462666354334045e-06,1.4122608192748657e-06,0.999999999538033,6.191608735421727e-11,5.901582654574447e-11
518,1425.5526324908733,0.000643725972622633,518.0,0.0,long,4,4240,1410.9101007497559,1410.9309109298442,236.0,199.0,900.0,-2.406976521680165e-05,1.9576657851868447e-06,1.9089392547921934e-06,1.5925102365757202e-05,1.7515216453317586e-06,1.7087294900933029e-06,9.36633515876314e-06,1.4462666354334045e-06,1.4122608192748657e-06,0.999999999538033,6.191608735421727e-11,5.901582654574447e-11
519,1425.5734658158144,0.000643985636997968,519.0,0.0,long,4,4240,1410.9101007497559,1410.9309109298442,236.0,199.0,900.0,-2.406976521680165e-05,1.9576657851868447e-06,1.9089392547921934e-06,1.5925102365757202e-05,1.7515216453317586e-06,1.7087294900933029e-06,9.36633515876314e-06,1.4462666354334045e-06,1.4122608192748657e-06,0.999999999538033,6.191608735421727e-11,5.901582654574447e-11
520,1425.5942991407555,0.0006442453013733029,520.0,0.0,long,4,4240,1410.9101007497559,1410.9309109298442,236.0,199.0,900.0,-2.406976521680165e-05,1.9576657851868447e-06,1.9089392547921934e-06,1.5925102365757202e-05,1.7515216453317586e-06,1.7087294900933029e-06,9.36633515876314e-06,1.4462666354334045e-06,1.4122608192748657e-06,0.999999999538033,6.191608735421727e-11,5.901582654574447e-11
521,1425.6151324656967,0.0006445050239562988,521.0,0.0,long,4,4240,1410.9101007497559,1410.9309109298442,236.0,199.0,900.0,-2.406976521680165e-05,1.9576657851868447e-06,1.9089392547921934e-06,1.5925102365757202e-05,1.7515216453317586e-06,1.7087294900933029e-06,9.36633515876314e-06,1.4462666354334045e-06,1.4122608192748657e-06,0.999999999538033,6.191608735421727e-11,5.901582654574447e-11
522,1425.6359657906373,0.0006447647465392947,522.0,0.0,long,4,4240,1410.9101007497559,1410.9309109298442,236.0,199.0,900.0,-2.406976521680165e-05,1.9576657851868447e-06,1.9089392547921934e-06,1.5925102365757202e-05,1.7515216453317586e-06,1.7087294900933029e-06,9.36633515876314e-06,1.4462666354334045e-06,1.4122608192748657e-06,0.999999999538033,6.191608735421727e-11,5.901582654574447e-11
523,1425.6567991155775,0.0006450245273299515,523.0,0.0,long,4,4240,1410.9101007497559,1410.9309109298442,236.0,199.0,900.0,-2.406976521680165e-05,1.9576657851868447e-06,1.9089392547921934e-06,1.5925102365757202e-05,1.7515216453317586e-06,1.7087294900933029e-06,9.36633515876314e-06,1.4462666354334045e-06,1.4122608192748657e-06,0.999999999538033,6.191608735421727e-11,5.901582654574447e-11
524,1425.6776324405182,0.0006452843081206083,524.0,0.0,long,4,4240,1410.9101007497559,1410.9309109298442,236.0,199.0,900.0,-2.406976521680165e-05,1.9576657851868447e-06,1.9089392547921934e-06,1.5925102365757202e-05,1.7515216453317586e-06,1.7087294900933029e-06,9.36633515876314e-06,1.4462666354334045e-06,1.4122608192748657e-06,0.999999999538033,6.191608735421727e-11,5.901582654574447e-11
525,1425.6984657654589,0.0006455440307036042,525.0,0.0,long,4,4240,1410.9101007497559,1410.9309109298442,236.0,199.0,900.0,-2.406976521680165e-05,1.9576657851868447e-06,1.9089392547921934e-06,1.5925102365757202e-05,1.7515216453317586e-06,1.7087294900933029e-06,9.36633515876314e-06,1.4462666354334045e-06,1.4122608192748657e-06,0.999999999538033,6.191608735421727e-11,5.901582654574447e-11
526,1425.7192990903995,0.000645803811494261,526.0,0.0,long,4,4240,1410.9101007497559,1410.9309109298442,236.0,199.0,900.0,-2.406976521680165e-05,1.9576657851868447e-06,1.9089392547921934e-06,1.5925102365757202e-05,1.7515216453317586e-06,1.7087294900933029e-06,9.36633515876314e-06,1.4462666354334045e-06,1.4122608192748657e-06,0.999999999538033,6.191608735421727e-11,5.901582654574447e-11
527,1425.7401324153402,0.0006460635340772569,527.0,0.0,long,4,4240,1410.9101007497559,1410.9309109298442,236.0,199.0,900.0,-2.406976521680165e-05,1.9576657851868447e-06,1.9089392547921934e-06,1.5925102365757202e-05,1.7515216453317586e-06,1.7087294900933029e-06,9.36633515876314e-06,1.4462666354334045e-06,1.4122608192748657e-06,0.999999999538033,6.191608735421727e-11,5.901582654574447e-11
528,1425.7609657402813,0.0006463232566602528,528.0,0.0,long,4,4240,1410.9101007497559,1410.9309109298442,236.0,199.0,900.0,-2.406976521680165e-05,1.9576657851868447e-06,1.9089392547921934e-06,1.5925102365757202e-05,1.7515216453317586e-06,1.7087294900933029e-06,9.36633515876314e-06,1.4462666354334045e-06,1.4122608192748657e-06,0.999999999538033,6.191608735421727e-11,5.901582654574447e-11
529,1425.7817990652225,0.0006465829210355878,529.0,0.0,long,4,4240,1410.9101007497559,1410.9309109298442,236.0,199.0,900.0,-2.406976521680165e-05,1.9576657851868447e-06,1.9089392547921934e-06,1.5925102365757202e-05,1.7515216453317586e-06,1.7087294900933029e-06,9.36633515876314e-06,1.4462666354334045e-06,1.4122608192748657e-06,0.999999999538033,6.191608735421727e-11,5.901582654574447e-11
530,1425.8026323901631,0.0006468425854109228,530.0,0.0,long,4,4240,1410.9101007497559,1410.9309109298442,236.0,199.0,900.0,-2.406976521680165e-05,1.9576657851868447e-06,1.9089392547921934e-06,1.5925102365757202e-05,1.7515216453317586e-06,1.7087294900933029e-06,9.36633515876314e-06,1.4462666354334045e-06,1.4122608192748657e-06,0.999999999538033,6.191608735421727e-11,5.901582654574447e-11
531,1425.8234657151042,0.0006471022497862577,531.0,0.0,long,4,4240,1410.9101007497559,1410.9309109298442,236.0,199.0,900.0,-2.406976521680165e-05,1.9576657851868447e-06,1.9089392547921934e-06,1.5925102365757202e-05,1.7515216453317586e-06,1.7087294900933029e-06,9.36633515876314e-06,1.4462666354334045e-06,1.4122608192748657e-06,0.999999999538033,6.191608735421727e-11,5.901582654574447e-11
532,1425.8442990400454,0.0006473618559539318,532.0,0.0,long,4,4240,1410.9101007497559,1410.9309109298442,236.0,199.0,900.0,-2.406976521680165e-05,1.9576657851868447e-06,1.9089392547921934e-06,1.5925102365757202e-05,1.7515216453317586e-06,1.7087294900933029e-06,9.36633515876314e-06,1.4462666354334045e-06,1.4122608192748657e-06,0.999999999538033,6.191608735421727e-11,5.901582654574447e-11
533,1425.8651323649856,0.000647621345706284,533.0,0.0,long,4,4240,1410.9101007497559,1410.9309109298442,236.0,199.0,900.0,-2.406976521680165e-05,1.9576657851868447e-06,1.9089392547921934e-06,1.5925102365757202e-05,1.7515216453317586e-06,1.7087294900933029e-06,9.36633515876314e-06,1.4462666354334045e-06,1.4122608192748657e-06,0.999999999538033,6.191608735421727e-11,5.901582654574447e-11
534,1425.8859656899263,0.0006478808354586363,534.0,0.0,long,4,4240,1410.9101007497559,1410.9309109298442,236.0,199.0,900.0,-2.406976521680165e-05,1.9576657851868447e-06,1.9089392547921934e-06,1.5925102365757202e-05,1.7515216453317586e-06,1.7087294900933029e-06,9.36633515876314e-06,1.4462666354334045e-06,1.4122608192748657e-06,0.999999999538033,6.191608735421727e-11,5.901582654574447e-11
535,1425.9067990148665,0.0006481403252109885,535.0,0.0,long,4,4240,1410.9101007497559,1410.9309109298442,236.0,199.0,900.0,-2.406976521680165e-05,1.9576657851868447e-06,1.9089392547921934e-06,1.5925102365757202e-05,1.7515216453317586e-06,1.7087294900933029e-06,9.36633515876314e-06,1.4462666354334045e-06,1.4122608192748657e-06,0.999999999538033,6.191608735421727e-11,5.901582654574447e-11
536,1425.9276323398076,0.0006483996985480189,536.0,0.0,long,4,4240,1410.9101007497559,1410.9309109298442,236.0,199.0,900.0,-2.406976521680165e-05,1.9576657851868447e-06,1.9089392547921934e-06,1.5925102365757202e-05,1.7515216453317586e-06,1.7087294900933029e-06,9.36633515876314e-06,1.4462666354334045e-06,1.4122608192748657e-06,0.999999999538033,6.191608735421727e-11,5.901582654574447e-11
537,1425.9484656647487,0.0006486590136773884,537.0,0.0,long,4,4240,1410.9101007497559,1410.9309109298442,236.0,199.0,900.0,-2.406976521680165e-05,1.9576657851868447e-06,1.9089392547921934e-06,1.5925102365757202e-05,1.7515216453317586e-06,1.7087294900933029e-06,9.36633515876314e-06,1.4462666354334045e-06,1.4122608192748657e-06,0.999999999538033,6.191608735421727e-11,5.901582654574447e-11
538,1425.9692989896896,0.0006489182123914361,538.0,0.0,long,4,4240,1410.9101007497559,1410.9309109298442,236.0,199.0,900.0,-2.406976521680165e-05,1.9576657851868447e-06,1.9089392547921934e-06,1.5925102365757202e-05,1.7515216453317586e-06,1.7087294900933029e-06,9.36633515876314e-06,1.4462666354334045e-06,1.4122608192748657e-06,0.999999999538033,6.191608735421727e-11,5.901582654574447e-11
539,1425.9901323146305,0.0006491774111054838,539.0,0.0,long,4,4240,1410.9101007497559,1410.9309109298442,236.0,199.0,900.0,-2.406976521680165e-05,1.9576657851868447e-06,1.9089392547921934e-06,1.5925102365757202e-05,1.7515216453317586e-06,1.7087294900933029e-06,9.36633515876314e-06,1.4462666354334045e-06,1.4122608192748657e-06,0.999999999538033,6.191608735421727e-11,5.901582654574447e-11
540,1426.0109656395712,0.0006494364934042096,540.0,0.0,long,4,4240,1410.9101007497559,1410.9309109298442,236.0,199.0,900.0,-2.406976521680165e-05,1.9576657851868447e-06,1.9089392547921934e-06,1.5925102365757202e-05,1.7515216453317586e-06,1.7087294900933029e-06,9.36633515876314e-06,1.4462666354334045e-06,1.4122608192748657e-06,0.999999999538033,6.191608735421727e-11,5.901582654574447e-11
541,1426.0317989645125,0.0006496955174952745,541.0,0.0,long,4,4240,1410.9101007497559,1410.9309109298442,236.0,199.0,900.0,-2.406976521680165e-05,1.9576657851868447e-06,1.9089392547921934e-06,1.5925102365757202e-05,1.7515216453317586e-06,1.7087294900933029e-06,9.36633515876314e-06,1.4462666354334045e-06,1.4122608192748657e-06,0.999999999538033,6.191608735421727e-11,5.901582654574447e-11
542,1426.0526322894523,0.0006499544251710176,542.0,0.0,long,4,4240,1410.9101007497559,1410.9309109298442,236.0,199.0,900.0,-2.406976521680165e-05,1.9576657851868447e-06,1.9089392547921934e-06,1.5925102365757202e-05,1.7515216453317586e-06,1.7087294900933029e-06,9.36633515876314e-06,1.4462666354334045e-06,1.4122608192748657e-06,0.999999999538033,6.191608735421727e-11,5.901582654574447e-11
543,1426.0734656143932,0.0006502132746390998,543.0,0.0,long,4,4240,1410.9101007497559,1410.9309109298442,236.0,199.0,900.0,-2.406976521680165e-05,1.9576657851868447e-06,1.9089392547921934e-06,1.5925102365757202e-05,1.7515216453317586e-06,1.7087294900933029e-06,9.36633515876314e-06,1.4462666354334045e-06,1.4122608192748657e-06,0.999999999538033,6.191608735421727e-11,5.901582654574447e-11
544,1426.094298939334,0.0006504720658995211,544.0,0.0,long,4,4240,1410.9101007497559,1410.9309109298442,236.0,199.0,900.0,-2.406976521680165e-05,1.9576657851868447e-06,1.9089392547921934e-06,1.5925102365757202e-05,1.7515216453317586e-06,1.7087294900933029e-06,9.36633515876314e-06,1.4462666354334045e-06,1.4122608192748657e-06,0.999999999538033,6.191608735421727e-11,5.901582654574447e-11
545,1426.1151322642745,0.0006507306825369596,545.0,0.0,long,4,4240,1410.9101007497559,1410.9309109298442,236.0,199.0,900.0,-2.406976521680165e-05,1.9576657851868447e-06,1.9089392547921934e-06,1.5925102365757202e-05,1.7515216453317586e-06,1.7087294900933029e-06,9.36633515876314e-06,1.4462666354334045e-06,1.4122608192748657e-06,0.999999999538033,6.191608735421727e-11,5.901582654574447e-11
546,1426.135965589216,0.0006509892409667373,546.0,0.0,long,4,4240,1410.9101007497559,1410.9309109298442,236.0,199.0,900.0,-2.406976521680165e-05,1.9576657851868447e-06,1.9089392547921934e-06,1.5925102365757202e-05,1.7515216453317586e-06,1.7087294900933029e-06,9.36633515876314e-06,1.4462666354334045e-06,1.4122608192748657e-06,0.999999999538033,6.191608735421727e-11,5.901582654574447e-11
547,1426.1567989141568,0.000651247741188854,547.0,0.0,long,4,4240,1410.9101007497559,1410.9309109298442,236.0,199.0,900.0,-2.406976521680165e-05,1.9576657851868447e-06,1.9089392547921934e-06,1.5925102365757202e-05,1.7515216453317586e-06,1.7087294900933029e-06,9.36633515876314e-06,1.4462666354334045e-06,1.4122608192748657e-06,0.999999999538033,6.191608735421727e-11,5.901582654574447e-11
548,1426.1776322390983,0.000651506066787988,548.0,0.0,long,4,4240,1410.9101007497559,1410.9309109298442,236.0,199.0,900.0,-2.406976521680165e-05,1.9576657851868447e-06,1.9089392547921934e-06,1.5925102365757202e-05,1.7515216453317586e-06,1.7087294900933029e-06,9.36633515876314e-06,1.4462666354334045e-06,1.4122608192748657e-06,0.999999999538033,6.191608735421727e-11,5.901582654574447e-11
549,1426.1984655640388,0.000651764334179461,549.0,0.0,long,4,4240,1410.9101007497559,1410.9309109298442,236.0,199.0,900.0,-2.406976521680165e-05,1.9576657851868447e-06,1.9089392547921934e-06,1.5925102365757202e-05,1.7515216453317586e-06,1.7087294900933029e-06,9.36633515876314e-06,1.4462666354334045e-06,1.4122608192748657e-06,0.999999999538033,6.191608735421727e-11,5.901582654574447e-11
550,1426.2192988889801,0.0006520224269479513,550.0,0.0,long,4,4240,1410.9101007497559,1410.9309109298442,236.0,199.0,900.0,-2.406976521680165e-05,1.9576657851868447e-06,1.9089392547921934e-06,1.5925102365757202e-05,1.7515216453317586e-06,1.7087294900933029e-06,9.36633515876314e-06,1.4462666354334045e-06,1.4122608192748657e-06,0.999999999538033,6.191608735421727e-11,5.901582654574447e-11
551,1426.2401322139203,0.0006522804615087807,551.0,0.0,long,4,4240,1410.9101007497559,1410.9309109298442,236.0,199.0,900.0,-2.406976521680165e-05,1.9576657851868447e-06,1.9089392547921934e-06,1.5925102365757202e-05,1.7515216453317586e-06,1.7087294900933029e-06,9.36633515876314e-06,1.4462666354334045e-06,1.4122608192748657e-06,0.999999999538033,6.191608735421727e-11,5.901582654574447e-11
552,1426.2609655388596,0.0006525383796542883,552.0,0.0,long,4,4240,1410.9101007497559,1410.9309109298442,236.0,199.0,900.0,-2.406976521680165e-05,1.9576657851868447e-06,1.9089392547921934e-06,1.5925102365757202e-05,1.7515216453317586e-06,1.7087294900933029e-06,9.36633515876314e-06,1.4462666354334045e-06,1.4122608192748657e-06,0.999999999538033,6.191608735421727e-11,5.901582654574447e-11
553,1426.2817988638008,0.0006527961231768131,553.0,0.0,long,4,4240,1410.9101007497559,1410.9309109298442,236.0,199.0,900.0,-2.406976521680165e-05,1.9576657851868447e-06,1.9089392547921934e-06,1.5925102365757202e-05,1.7515216453317586e-06,1.7087294900933029e-06,9.36633515876314e-06,1.4462666354334045e-06,1.4122608192748657e-06,0.999999999538033,6.191608735421727e-11,5.901582654574447e-11
554,1426.3026321887419,0.000653053808491677,554.0,0.0,long,4,4240,1410.9101007497559,1410.9309109298442,236.0,199.0,900.0,-2.406976521680165e-05,1.9576657851868447e-06,1.9089392547921934e-06,1.5925102365757202e-05,1.7515216453317586e-06,1.7087294900933029e-06,9.36633515876314e-06,1.4462666354334045e-06,1.4122608192748657e-06,0.999999999538033,6.191608735421727e-11,5.901582654574447e-11
555,1426.3234655136835,0.0006533113191835582,555.0,0.0,long,4,4240,1410.9101007497559,1410.9309109298442,236.0,199.0,900.0,-2.406976521680165e-05,1.9576657851868447e-06,1.9089392547921934e-06,1.5925102365757202e-05,1.7515216453317586e-06,1.7087294900933029e-06,9.36633515876314e-06,1.4462666354334045e-06,1.4122608192748657e-06,0.999999999538033,6.191608735421727e-11,5.901582654574447e-11
556,1426.3442988386241,0.0006535687134601176,556.0,0.0,long,4,4240,1410.9101007497559,1410.9309109298442,236.0,199.0,900.0,-2.406976521680165e-05,1.9576657851868447e-06,1.9089392547921934e-06,1.5925102365757202e-05,1.7515216453317586e-06,1.7087294900933029e-06,9.36633515876314e-06,1.4462666354334045e-06,1.4122608192748657e-06,0.999999999538033,6.191608735421727e-11,5.901582654574447e-11
557,1426.3651321635657,0.0006538259913213551,557.0,0.0,long,4,4240,1410.9101007497559,1410.9309109298442,236.0,199.0,900.0,-2.406976521680165e-05,1.9576657851868447e-06,1.9089392547921934e-06,1.5925102365757202e-05,1.7515216453317586e-06,1.7087294900933029e-06,9.36633515876314e-06,1.4462666354334045e-06,1.4122608192748657e-06,0.999999999538033,6.191608735421727e-11,5.901582654574447e-11
558,1426.3859654885068,0.0006540831527672708,558.0,0.0,long,4,4240,1410.9101007497559,1410.9309109298442,236.0,199.0,900.0,-2.406976521680165e-05,1.9576657851868447e-06,1.9089392547921934e-06,1.5925102365757202e-05,1.7515216453317586e-06,1.7087294900933029e-06,9.36633515876314e-06,1.4462666354334045e-06,1.4122608192748657e-06,0.999999999538033,6.191608735421727e-11,5.901582654574447e-11
559,1426.406798813447,0.0006543401395902038,559.0,0.0,long,4,4240,1410.9101007497559,1410.9309109298442,236.0,199.0,900.0,-2.406976521680165e-05,1.9576657851868447e-06,1.9089392547921934e-06,1.5925102365757202e-05,1.7515216453317586e-06,1.7087294900933029e-06,9.36633515876314e-06,1.4462666354334045e-06,1.4122608192748657e-06,0.999999999538033,6.191608735421727e-11,5.901582654574447e-11
560,1426.4276321383882,0.0006545970099978149,560.0,0.0,long,4,4240,1410.9101007497559,1410.9309109298442,236.0,199.0,900.0,-2.406976521680165e-05,1.9576657851868447e-06,1.9089392547921934e-06,1.5925102365757202e-05,1.7515216453317586e-06,1.7087294900933029e-06,9.36633515876314e-06,1.4462666354334045e-06,1.4122608192748657e-06,0.999999999538033,6.191608735421727e-11,5.901582654574447e-11
561,1426.4484654633286,0.0006548537639901042,561.0,0.0,long,4,4240,1410.9101007497559,1410.9309109298442,236.0,199.0,900.0,-2.406976521680165e-05,1.9576657851868447e-06,1.9089392547921934e-06,1.5925102365757202e-05,1.7515216453317586e-06,1.7087294900933029e-06,9.36633515876314e-06,1.4462666354334045e-06,1.4122608192748657e-06,0.999999999538033,6.191608735421727e-11,5.901582654574447e-11
562,1426.4692987882686,0.0006551103433594108,562.0,0.0,long,4,4240,1410.9101007497559,1410.9309109298442,236.0,199.0,900.0,-2.406976521680165e-05,1.9576657851868447e-06,1.9089392547921934e-06,1.5925102365757202e-05,1.7515216453317586e-06,1.7087294900933029e-06,9.36633515876314e-06,1.4462666354334045e-06,1.4122608192748657e-06,0.999999999538033,6.191608735421727e-11,5.901582654574447e-11
563,1426.4901321132097,0.0006553668063133955,563.0,0.0,long,4,4240,1410.9101007497559,1410.9309109298442,236.0,199.0,900.0,-2.406976521680165e-05,1.9576657851868447e-06,1.9089392547921934e-06,1.5925102365757202e-05,1.7515216453317586e-06,1.7087294900933029e-06,9.36633515876314e-06,1.4462666354334045e-06,1.4122608192748657e-06,0.999999999538033,6.191608735421727e-11,5.901582654574447e-11
564,1426.5109654381508,0.0006556230946443975,564.0,0.0,long,4,4240,1410.9101007497559,1410.9309109298442,236.0,199.0,900.0,-2.406976521680165e-05,1.9576657851868447e-06,1.9089392547921934e-06,1.5925102365757202e-05,1.7515216453317586e-06,1.7087294900933029e-06,9.36633515876314e-06,1.4462666354334045e-06,1.4122608192748657e-06,0.999999999538033,6.191608735421727e-11,5.901582654574447e-11
565,1426.531798763092,0.0006558792665600777,565.0,0.0,long,4,4240,1410.9101007497559,1410.9309109298442,236.0,199.0,900.0,-2.406976521680165e-05,1.9576657851868447e-06,1.9089392547921934e-06,1.5925102365757202e-05,1.7515216453317586e-06,1.7087294900933029e-06,9.36633515876314e-06,1.4462666354334045e-06,1.4122608192748657e-06,0.999999999538033,6.191608735421727e-11,5.901582654574447e-11
566,1426.5526320880326,0.0006561352638527751,566.0,0.0,long,4,4240,1410.9101007497559,1410.9309109298442,236.0,199.0,900.0,-2.406976521680165e-05,1.9576657851868447e-06,1.9089392547921934e-06,1.5925102365757202e-05,1.7515216453317586e-06,1.7087294900933029e-06,9.36633515876314e-06,1.4462666354334045e-06,1.4122608192748657e-06,0.999999999538033,6.191608735421727e-11,5.901582654574447e-11
567,1426.5734654129733,0.0006563911447301507,567.0,0.0,long,4,4240,1410.9101007497559,1410.9309109298442,236.0,199.0,900.0,-2.406976521680165e-05,1.9576657851868447e-06,1.9089392547921934e-06,1.5925102365757202e-05,1.7515216453317586e-06,1.7087294900933029e-06,9.36633515876314e-06,1.4462666354334045e-06,1.4122608192748657e-06,0.999999999538033,6.191608735421727e-11,5.901582654574447e-11
568,1426.5942987379144,0.0006566468509845436,568.0,0.0,long,4,4240,1410.9101007497559,1410.9309109298442,236.0,199.0,900.0,-2.406976521680165e-05,1.9576657851868447e-06,1.9089392547921934e-06,1.5925102365757202e-05,1.7515216453317586e-06,1.7087294900933029e-06,9.36633515876314e-06,1.4462666354334045e-06,1.4122608192748657e-06,0.999999999538033,6.191608735421727e-11,5.901582654574447e-11
569,1426.6151320628555,0.0006569023826159537,569.0,0.0,long,4,4240,1410.9101007497559,1410.9309109298442,236.0,199.0,900.0,-2.406976521680165e-05,1.9576657851868447e-06,1.9089392547921934e-06,1.5925102365757202e-05,1.7515216453317586e-06,1.7087294900933029e-06,9.36633515876314e-06,1.4462666354334045e-06,1.4122608192748657e-06,0.999999999538033,6.191608735421727e-11,5.901582654574447e-11
570,1426.6359653877962,0.000657157797832042,570.0,0.0,long,4,4240,1410.9101007497559,1410.9309109298442,236.0,199.0,900.0,-2.406976521680165e-05,1.9576657851868447e-06,1.9089392547921934e-06,1.5925102365757202e-05,1.7515216453317586e-06,1.7087294900933029e-06,9.36633515876314e-06,1.4462666354334045e-06,1.4122608192748657e-06,0.999999999538033,6.191608735421727e-11,5.901582654574447e-11
571,1426.6567987127364,0.0006574130384251475,571.0,0.0,long,4,4240,1410.9101007497559,1410.9309109298442,236.0,199.0,900.0,-2.406976521680165e-05,1.9576657851868447e-06,1.9089392547921934e-06,1.5925102365757202e-05,1.7515216453317586e-06,1.7087294900933029e-06,9.36633515876314e-06,1.4462666354334045e-06,1.4122608192748657e-06,0.999999999538033,6.191608735421727e-11,5.901582654574447e-11
572,1426.6776320376775,0.0006576681043952703,572.0,0.0,long,4,4240,1410.9101007497559,1410.9309109298442,236.0,199.0,900.0,-2.406976521680165e-05,1.9576657851868447e-06,1.9089392547921934e-06,1.5925102365757202e-05,1.7515216453317586e-06,1.7087294900933029e-06,9.36633515876314e-06,1.4462666354334045e-06,1.4122608192748657e-06,0.999999999538033,6.191608735421727e-11,5.901582654574447e-11
573,1426.6984653626187,0.0006579229957424104,573.0,0.0,long,4,4240,1410.9101007497559,1410.9309109298442,236.0,199.0,900.0,-2.406976521680165e-05,1.9576657851868447e-06,1.9089392547921934e-06,1.5925102365757202e-05,1.7515216453317586e-06,1.7087294900933029e-06,9.36633515876314e-06,1.4462666354334045e-06,1.4122608192748657e-06,0.999999999538033,6.191608735421727e-11,5.901582654574447e-11
574,1426.7192986875598,0.0006581777706742287,574.0,0.0,long,4,4240,1410.9101007497559,1410.9309109298442,236.0,199.0,900.0,-2.406976521680165e-05,1.9576657851868447e-06,1.9089392547921934e-06,1.5925102365757202e-05,1.7515216453317586e-06,1.7087294900933029e-06,9.36633515876314e-06,1.4462666354334045e-06,1.4122608192748657e-06,0.999999999538033,6.191608735421727e-11,5.901582654574447e-11
575,1426.740132012501,0.0006584323709830642,575.0,0.0,long,4,4240,1410.9101007497559,1410.9309109298442,236.0,199.0,900.0,-2.406976521680165e-05,1.9576657851868447e-06,1.9089392547921934e-06,1.5925102365757202e-05,1.7515216453317586e-06,1.7087294900933029e-06,9.36633515876314e-06,1.4462666354334045e-06,1.4122608192748657e-06,0.999999999538033,6.191608735421727e-11,5.901582654574447e-11
576,1426.760965337442,0.0006586867966689169,576.0,0.0,long,4,4240,1410.9101007497559,1410.9309109298442,236.0,199.0,900.0,-2.406976521680165e-05,1.9576657851868447e-06,1.9089392547921934e-06,1.5925102365757202e-05,1.7515216453317586e-06,1.7087294900933029e-06,9.36633515876314e-06,1.4462666354334045e-06,1.4122608192748657e-06,0.999999999538033,6.191608735421727e-11,5.901582654574447e-11
577,1426.7817986623832,0.000658941047731787,577.0,0.0,long,4,4240,1410.9101007497559,1410.9309109298442,236.0,199.0,900.0,-2.406976521680165e-05,1.9576657851868447e-06,1.9089392547921934e-06,1.5925102365757202e-05,1.7515216453317586e-06,1.7087294900933029e-06,9.36633515876314e-06,1.4462666354334045e-06,1.4122608192748657e-06,0.999999999538033,6.191608735421727e-11,5.901582654574447e-11
578,1426.8026319873243,0.0006591951241716743,578.0,0.0,long,4,4240,1410.9101007497559,1410.9309109298442,236.0,199.0,900.0,-2.406976521680165e-05,1.9576657851868447e-06,1.9089392547921934e-06,1.5925102365757202e-05,1.7515216453317586e-06,1.7087294900933029e-06,9.36633515876314e-06,1.4462666354334045e-06,1.4122608192748657e-06,0.999999999538033,6.191608735421727e-11,5.901582654574447e-11
579,1426.8234653122645,0.0006594490259885788,579.0,0.0,long,4,4240,1410.9101007497559,1410.9309109298442,236.0,199.0,900.0,-2.406976521680165e-05,1.9576657851868447e-06,1.9089392547921934e-06,1.5925102365757202e-05,1.7515216453317586e-06,1.7087294900933029e-06,9.36633515876314e-06,1.4462666354334045e-06,1.4122608192748657e-06,0.999999999538033,6.191608735421727e-11,5.901582654574447e-11
580,1426.8442986372047,0.0006597027531825006,580.0,0.0,long,4,4240,1410.9101007497559,1410.9309109298442,236.0,199.0,900.0,-2.406976521680165e-05,1.9576657851868447e-06,1.9089392547921934e-06,1.5925102365757202e-05,1.7515216453317586e-06,1.7087294900933029e-06,9.36633515876314e-06,1.4462666354334045e-06,1.4122608192748657e-06,0.999999999538033,6.191608735421727e-11,5.901582654574447e-11
581,1426.8651319621454,0.0006599563639611006,581.0,0.0,long,4,4240,1410.9101007497559,1410.9309109298442,236.0,199.0,900.0,-2.406976521680165e-05,1.9576657851868447e-06,1.9089392547921934e-06,1.5925102365757202e-05,1.7515216453317586e-06,1.7087294900933029e-06,9.36633515876314e-06,1.4462666354334045e-06,1.4122608192748657e-06,0.999999999538033,6.191608735421727e-11,5.901582654574447e-11
582,1426.885965287086,0.0006602097419090569,582.0,0.0,long,4,4240,1410.9101007497559,1410.9309109298442,236.0,199.0,900.0,-2.406976521680165e-05,1.9576657851868447e-06,1.9089392547921934e-06,1.5925102365757202e-05,1.7515216453317586e-06,1.7087294900933029e-06,9.36633515876314e-06,1.4462666354334045e-06,1.4122608192748657e-06,0.999999999538033,6.191608735421727e-11,5.901582654574447e-11
583,1426.9067986120272,0.0006604629452340305,583.0,0.0,long,4,4240,1410.9101007497559,1410.9309109298442,236.0,199.0,900.0,-2.406976521680165e-05,1.9576657851868447e-06,1.9089392547921934e-06,1.5925102365757202e-05,1.7515216453317586e-06,1.7087294900933029e-06,9.36633515876314e-06,1.4462666354334045e-06,1.4122608192748657e-06,0.999999999538033,6.191608735421727e-11,5.901582654574447e-11
584,1426.9276319369687,0.0006607160321436822,584.0,0.0,long,4,4240,1410.9101007497559,1410.9309109298442,236.0,199.0,900.0,-2.406976521680165e-05,1.9576657851868447e-06,1.9089392547921934e-06,1.5925102365757202e-05,1.7515216453317586e-06,1.7087294900933029e-06,9.36633515876314e-06,1.4462666354334045e-06,1.4122608192748657e-06,0.999999999538033,6.191608735421727e-11,5.901582654574447e-11
585,1426.9484652619099,0.0006609688862226903,585.0,0.0,long,4,4240,1410.9101007497559,1410.9309109298442,236.0,199.0,900.0,-2.406976521680165e-05,1.9576657851868447e-06,1.9089392547921934e-06,1.5925102365757202e-05,1.7515216453317586e-06,1.7087294900933029e-06,9.36633515876314e-06,1.4462666354334045e-06,1.4122608192748657e-06,0.999999999538033,6.191608735421727e-11,5.901582654574447e-11
586,1426.9692985868503,0.0006612215656787157,586.0,0.0,long,4,4240,1410.9101007497559,1410.9309109298442,236.0,199.0,900.0,-2.406976521680165e-05,1.9576657851868447e-06,1.9089392547921934e-06,1.5925102365757202e-05,1.7515216453317586e-06,1.7087294900933029e-06,9.36633515876314e-06,1.4462666354334045e-06,1.4122608192748657e-06,0.999999999538033,6.191608735421727e-11,5.901582654574447e-11
587,1426.990131911792,0.0006614740705117583,587.0,0.0,long,4,4240,1410.9101007497559,1410.9309109298442,236.0,199.0,900.0,-2.406976521680165e-05,1.9576657851868447e-06,1.9089392547921934e-06,1.5925102365757202e-05,1.7515216453317586e-06,1.7087294900933029e-06,9.36633515876314e-06,1.4462666354334045e-06,1.4122608192748657e-06,0.999999999538033,6.191608735421727e-11,5.901582654574447e-11
588,1427.0109652367328,0.0006617264007218182,588.0,0.0,long,4,4240,1410.9101007497559,1410.9309109298442,236.0,199.0,900.0,-2.406976521680165e-05,1.9576657851868447e-06,1.9089392547921934e-06,1.5925102365757202e-05,1.7515216453317586e-06,1.7087294900933029e-06,9.36633515876314e-06,1.4462666354334045e-06,1.4122608192748657e-06,0.999999999538033,6.191608735421727e-11,5.901582654574447e-11
589,1427.0317985616732,0.0006619785563088953,589.0,0.0,long,4,4240,1410.9101007497559,1410.9309109298442,236.0,199.0,900.0,-2.406976521680165e-05,1.9576657851868447e-06,1.9089392547921934e-06,1.5925102365757202e-05,1.7515216453317586e-06,1.7087294900933029e-06,9.36633515876314e-06,1.4462666354334045e-06,1.4122608192748657e-06,0.999999999538033,6.191608735421727e-11,5.901582654574447e-11
590,1427.052631886614,0.0006622304790653288,590.0,0.0,long,4,4240,1410.9101007497559,1410.9309109298442,236.0,199.0,900.0,-2.406976521680165e-05,1.9576657851868447e-06,1.9089392547921934e-06,1.5925102365757202e-05,1.7515216453317586e-06,1.7087294900933029e-06,9.36633515876314e-06,1.4462666354334045e-06,1.4122608192748657e-06,0.999999999538033,6.191608735421727e-11,5.901582654574447e-11
591,1427.0734652115545,0.0006624822854064405,591.0,0.0,long,4,4240,1410.9101007497559,1410.9309109298442,236.0,199.0,900.0,-2.406976521680165e-05,1.9576657851868447e-06,1.9089392547921934e-06,1.5925102365757202e-05,1.7515216453317586e-06,1.7087294900933029e-06,9.36633515876314e-06,1.4462666354334045e-06,1.4122608192748657e-06,0.999999999538033,6.191608735421727e-11,5.901582654574447e-11
592,1427.094298536496,0.0006627338589169085,592.0,0.0,long,4,4240,1410.9101007497559,1410.9309109298442,236.0,199.0,900.0,-2.406976521680165e-05,1.9576657851868447e-06,1.9089392547921934e-06,1.5925102365757202e-05,1.7515216453317586e-06,1.7087294900933029e-06,9.36633515876314e-06,1.4462666354334045e-06,1.4122608192748657e-06,0.999999999538033,6.191608735421727e-11,5.901582654574447e-11
593,1427.1151318614366,0.0006629852578043938,593.0,0.0,long,4,4240,1410.9101007497559,1410.9309109298442,236.0,199.0,900.0,-2.406976521680165e-05,1.9576657851868447e-06,1.9089392547921934e-06,1.5925102365757202e-05,1.7515216453317586e-06,1.7087294900933029e-06,9.36633515876314e-06,1.4462666354334045e-06,1.4122608192748657e-06,0.999999999538033,6.191608735421727e-11,5.901582654574447e-11
594,1427.135965186378,0.0006632364820688963,594.0,0.0,long,4,4240,1410.9101007497559,1410.9309109298442,236.0,199.0,900.0,-2.406976521680165e-05,1.9576657851868447e-06,1.9089392547921934e-06,1.5925102365757202e-05,1.7515216453317586e-06,1.7087294900933029e-06,9.36633515876314e-06,1.4462666354334045e-06,1.4122608192748657e-06,0.999999999538033,6.191608735421727e-11,5.901582654574447e-11
595,1427.1567985113188,0.0006634875317104161,595.0,0.0,long,4,4240,1410.9101007497559,1410.9309109298442,236.0,199.0,900.0,-2.406976521680165e-05,1.9576657851868447e-06,1.9089392547921934e-06,1.5925102365757202e-05,1.7515216453317586e-06,1.7087294900933029e-06,9.36633515876314e-06,1.4462666354334045e-06,1.4122608192748657e-06,0.999999999538033,6.191608735421727e-11,5.901582654574447e-11
596,1427.17763183626,0.0006637383485212922,596.0,0.0,long,4,4240,1410.9101007497559,1410.9309109298442,236.0,199.0,900.0,-2.406976521680165e-05,1.9576657851868447e-06,1.9089392547921934e-06,1.5925102365757202e-05,1.7515216453317586e-06,1.7087294900933029e-06,9.36633515876314e-06,1.4462666354334045e-06,1.4122608192748657e-06,0.999999999538033,6.191608735421727e-11,5.901582654574447e-11
597,1427.198465161201,0.0006639890489168465,597.0,0.0,long,4,4240,1410.9101007497559,1410.9309109298442,236.0,199.0,900.0,-2.406976521680165e-05,1.9576657851868447e-06,1.9089392547921934e-06,1.5925102365757202e-05,1.7515216453317586e-06,1.7087294900933029e-06,9.36633515876314e-06,1.4462666354334045e-06,1.4122608192748657e-06,0.999999999538033,6.191608735421727e-11,5.901582654574447e-11
598,1427.2192984861413,0.0006642394582740963,598.0,0.0,long,4,4240,1410.9101007497559,1410.9309109298442,236.0,199.0,900.0,-2.406976521680165e-05,1.9576657851868447e-06,1.9089392547921934e-06,1.5925102365757202e-05,1.7515216453317586e-06,1.7087294900933029e-06,9.36633515876314e-06,1.4462666354334045e-06,1.4122608192748657e-06,0.999999999538033,6.191608735421727e-11,5.901582654574447e-11
599,1427.2401318110824,0.0006644897512160242,599.0,0.0,long,4,4240,1410.9101007497559,1410.9309109298442,236.0,199.0,900.0,-2.406976521680165e-05,1.9576657851868447e-06,1.9089392547921934e-06,1.5925102365757202e-05,1.7515216453317586e-06,1.7087294900933029e-06,9.36633515876314e-06,1.4462666354334045e-06,1.4122608192748657e-06,0.999999999538033,6.191608735421727e-11,5.901582654574447e-11
600,1427.260965136023,0.0006647398113273084,600.0,0.0,long,4,4240,1410.9101007497559,1410.9309109298442,236.0,199.0,900.0,-2.406976521680165e-05,1.9576657851868447e-06,1.9089392547921934e-06,1.5925102365757202e-05,1.7515216453317586e-06,1.7087294900933029e-06,9.36633515876314e-06,1.4462666354334045e-06,1.4122608192748657e-06,0.999999999538033,6.191608735421727e-11,5.901582654574447e-11
601,1427.2817984609642,0.0006649896968156099,601.0,0.0,long,4,4240,1410.9101007497559,1410.9309109298442,236.0,199.0,900.0,-2.406976521680165e-05,1.9576657851868447e-06,1.9089392547921934e-06,1.5925102365757202e-05,1.7515216453317586e-06,1.7087294900933029e-06,9.36633515876314e-06,1.4462666354334045e-06,1.4122608192748657e-06,0.999999999538033,6.191608735421727e-11,5.901582654574447e-11
602,1427.3026317859053,0.0006652394076809287,602.0,0.0,long,4,4240,1410.9101007497559,1410.9309109298442,236.0,199.0,900.0,-2.406976521680165e-05,1.9576657851868447e-06,1.9089392547921934e-06,1.5925102365757202e-05,1.7515216453317586e-06,1.7087294900933029e-06,9.36633515876314e-06,1.4462666354334045e-06,1.4122608192748657e-06,0.999999999538033,6.191608735421727e-11,5.901582654574447e-11
603,1427.3234651108464,0.0006654888857156038,603.0,0.0,long,4,4240,1410.9101007497559,1410.9309109298442,236.0,199.0,900.0,-2.406976521680165e-05,1.9576657851868447e-06,1.9089392547921934e-06,1.5925102365757202e-05,1.7515216453317586e-06,1.7087294900933029e-06,9.36633515876314e-06,1.4462666354334045e-06,1.4122608192748657e-06,0.999999999538033,6.191608735421727e-11,5.901582654574447e-11
604,1427.3442984357873,0.0006657381891272962,604.0,0.0,long,4,4240,1410.9101007497559,1410.9309109298442,236.0,199.0,900.0,-2.406976521680165e-05,1.9576657851868447e-06,1.9089392547921934e-06,1.5925102365757202e-05,1.7515216453317586e-06,1.7087294900933029e-06,9.36633515876314e-06,1.4462666354334045e-06,1.4122608192748657e-06,0.999999999538033,6.191608735421727e-11,5.901582654574447e-11
605,1427.3651317607287,0.0006659872597083449,605.0,0.0,long,4,4240,1410.9101007497559,1410.9309109298442,236.0,199.0,900.0,-2.406976521680165e-05,1.9576657851868447e-06,1.9089392547921934e-06,1.5925102365757202e-05,1.7515216453317586e-06,1.7087294900933029e-06,9.36633515876314e-06,1.4462666354334045e-06,1.4122608192748657e-06,0.999999999538033,6.191608735421727e-11,5.901582654574447e-11
606,1427.3859650856696,0.0006662362138740718,606.0,0.0,long,4,4240,1410.9101007497559,1410.9309109298442,236.0,199.0,900.0,-2.406976521680165e-05,1.9576657851868447e-06,1.9089392547921934e-06,1.5925102365757202e-05,1.7515216453317586e-06,1.7087294900933029e-06,9.36633515876314e-06,1.4462666354334045e-06,1.4122608192748657e-06,0.999999999538033,6.191608735421727e-11,5.901582654574447e-11
607,1427.4067984106105,0.0006664848770014942,607.0,0.0,long,4,4240,1410.9101007497559,1410.9309109298442,236.0,199.0,900.0,-2.406976521680165e-05,1.9576657851868447e-06,1.9089392547921934e-06,1.5925102365757202e-05,1.7515216453317586e-06,1.7087294900933029e-06,9.36633515876314e-06,1.4462666354334045e-06,1.4122608192748657e-06,0.999999999538033,6.191608735421727e-11,5.901582654574447e-11
608,1427.4276317355507,0.0006667334237135947,608.0,0.0,long,4,4240,1410.9101007497559,1410.9309109298442,236.0,199.0,900.0,-2.406976521680165e-05,1.9576657851868447e-06,1.9089392547921934e-06,1.5925102365757202e-05,1.7515216453317586e-06,1.7087294900933029e-06,9.36633515876314e-06,1.4462666354334045e-06,1.4122608192748657e-06,0.999999999538033,6.191608735421727e-11,5.901582654574447e-11
609,1427.4484650604911,0.0006669816793873906,609.0,0.0,long,4,4240,1410.9101007497559,1410.9309109298442,236.0,199.0,900.0,-2.406976521680165e-05,1.9576657851868447e-06,1.9089392547921934e-06,1.5925102365757202e-05,1.7515216453317586e-06,1.7087294900933029e-06,9.36633515876314e-06,1.4462666354334045e-06,1.4122608192748657e-06,0.999999999538033,6.191608735421727e-11,5.901582654574447e-11
610,1427.4692983854325,0.0006672298186458647,610.0,0.0,long,4,4240,1410.9101007497559,1410.9309109298442,236.0,199.0,900.0,-2.406976521680165e-05,1.9576657851868447e-06,1.9089392547921934e-06,1.5925102365757202e-05,1.7515216453317586e-06,1.7087294900933029e-06,9.36633515876314e-06,1.4462666354334045e-06,1.4122608192748657e-06,0.999999999538033,6.191608735421727e-11,5.901582654574447e-11
611,1427.4901317103736,0.0006674777250736952,611.0,0.0,long,4,4240,1410.9101007497559,1410.9309109298442,236.0,199.0,900.0,-2.406976521680165e-05,1.9576657851868447e-06,1.9089392547921934e-06,1.5925102365757202e-05,1.7515216453317586e-06,1.7087294900933029e-06,9.36633515876314e-06,1.4462666354334045e-06,1.4122608192748657e-06,0.999999999538033,6.191608735421727e-11,5.901582654574447e-11
612,1427.5109650353143,0.000667725398670882,612.0,0.0,long,4,4240,1410.9101007497559,1410.9309109298442,236.0,199.0,900.0,-2.406976521680165e-05,1.9576657851868447e-06,1.9089392547921934e-06,1.5925102365757202e-05,1.7515216453317586e-06,1.7087294900933029e-06,9.36633515876314e-06,1.4462666354334045e-06,1.4122608192748657e-06,0.999999999538033,6.191608735421727e-11,5.901582654574447e-11
613,1427.5317983602558,0.000667972897645086,613.0,0.0,long,4,4240,1410.9101007497559,1410.9309109298442,236.0,199.0,900.0,-2.406976521680165e-05,1.9576657851868447e-06,1.9089392547921934e-06,1.5925102365757202e-05,1.7515216453317586e-06,1.7087294900933029e-06,9.36633515876314e-06,1.4462666354334045e-06,1.4122608192748657e-06,0.999999999538033,6.191608735421727e-11,5.901582654574447e-11
614,1427.552631685197,0.0006682202219963074,614.0,0.0,long,4,4240,1410.9101007497559,1410.9309109298442,236.0,199.0,900.0,-2.406976521680165e-05,1.9576657851868447e-06,1.9089392547921934e-06,1.5925102365757202e-05,1.7515216453317586e-06,1.7087294900933029e-06,9.36633515876314e-06,1.4462666354334045e-06,1.4122608192748657e-06,0.999999999538033,6.191608735421727e-11,5.901582654574447e-11
615,1427.573465010138,0.000668467313516885,615.0,164.0,long,4,4240,1410.9101007497559,1410.930702596562,236.0,199.0,891.0,-2.40721824459348e-05,1.959174800097711e-06,1.910011573237685e-06,1.59249560255859e-05,1.7511027379215652e-06,1.7079093489850458e-06,9.3668403905255e-06,1.4326171635398136e-06,1.4079760436355052e-06,0.999999999537856,6.198874288523355e-11,5.90615972774039e-11
616,1427.5942983350787,0.0006687141722068191,616.0,164.0,long,4,4240,1410.9098924164737,1410.930702596562,236.0,199.0,900.0,-2.407382234667035e-05,1.95967316509031e-06,1.910984831246004e-06,1.5925102365757202e-05,1.7578350614016075e-06,1.7152155002628976e-06,9.36633515876314e-06,1.4294999535388404e-06,1.4050483516840584e-06,0.999999999538033,6.221849816317662e-11,5.933981672909281e-11
617,1427.6151316600192,0.0006689608562737703,617.0,0.0,long,4,4240,1410.9101007497559,1410.9309109298442,236.0,199.0,900.0,-2.406976521680165e-05,1.9576657851868447e-06,1.9089392547921934e-06,1.5925102365757202e-05,1.7515216453317586e-06,1.7087294900933029e-06,9.36633515876314e-06,1.4462666354334045e-06,1.4122608192748657e-06,0.999999999538033,6.191608735421727e-11,5.901582654574447e-11
618,1427.6359649849592,0.0006692073657177389,618.0,0.0,long,4,4240,1410.9101007497559,1410.9309109298442,236.0,199.0,900.0,-2.406976521680165e-05,1.9576657851868447e-06,1.9089392547921934e-06,1.5925102365757202e-05,1.7515216453317586e-06,1.7087294900933029e-06,9.36633515876314e-06,1.4462666354334045e-06,1.4122608192748657e-06,0.999999999538033,6.191608735421727e-11,5.901582654574447e-11
619,1427.6567983099012,0.0006694536423310637,619.0,0.0,long,4,4240,1410.9101007497559,1410.9309109298442,236.0,199.0,900.0,-2.406976521680165e-05,1.9576657851868447e-06,1.9089392547921934e-06,1.5925102365757202e-05,1.7515216453317586e-06,1.7087294900933029e-06,9.36633515876314e-06,1.4462666354334045e-06,1.4122608192748657e-06,0.999999999538033,6.191608735421727e-11,5.901582654574447e-11
620,1427.6776316348419,0.000669699686113745,620.0,0.0,long,4,4240,1410.9101007497559,1410.9309109298442,236.0,199.0,900.0,-2.406976521680165e-05,1.9576657851868447e-06,1.9089392547921934e-06,1.5925102365757202e-05,1.7515216453317586e-06,1.7087294900933029e-06,9.36633515876314e-06,1.4462666354334045e-06,1.4122608192748657e-06,0.999999999538033,6.191608735421727e-11,5.901582654574447e-11
621,1427.698464959784,0.0006699455552734435,621.0,0.0,long,4,4240,1410.9101007497559,1410.9309109298442,236.0,199.0,900.0,-2.406976521680165e-05,1.9576657851868447e-06,1.9089392547921934e-06,1.5925102365757202e-05,1.7515216453317586e-06,1.7087294900933029e-06,9.36633515876314e-06,1.4462666354334045e-06,1.4122608192748657e-06,0.999999999538033,6.191608735421727e-11,5.901582654574447e-11
622,1427.719298284725,0.0006701911916024983,622.0,0.0,long,4,4240,1410.9101007497559,1410.9309109298442,236.0,199.0,900.0,-2.406976521680165e-05,1.9576657851868447e-06,1.9089392547921934e-06,1.5925102365757202e-05,1.7515216453317586e-06,1.7087294900933029e-06,9.36633515876314e-06,1.4462666354334045e-06,1.4122608192748657e-06,0.999999999538033,6.191608735421727e-11,5.901582654574447e-11
623,1427.7401316096657,0.0006704366533085704,623.0,0.0,long,4,4240,1410.9101007497559,1410.9309109298442,236.0,199.0,900.0,-2.406976521680165e-05,1.9576657851868447e-06,1.9089392547921934e-06,1.5925102365757202e-05,1.7515216453317586e-06,1.7087294900933029e-06,9.36633515876314e-06,1.4462666354334045e-06,1.4122608192748657e-06,0.999999999538033,6.191608735421727e-11,5.901582654574447e-11
624,1427.7609649346068,0.0006706818821839988,624.0,0.0,long,4,4240,1410.9101007497559,1410.9309109298442,236.0,199.0,900.0,-2.406976521680165e-05,1.9576657851868447e-06,1.9089392547921934e-06,1.5925102365757202e-05,1.7515216453317586e-06,1.7087294900933029e-06,9.36633515876314e-06,1.4462666354334045e-06,1.4122608192748657e-06,0.999999999538033,6.191608735421727e-11,5.901582654574447e-11
625,1427.781798259548,0.0006709268782287836,625.0,0.0,long,4,4240,1410.9101007497559,1410.9309109298442,236.0,199.0,900.0,-2.406976521680165e-05,1.9576657851868447e-06,1.9089392547921934e-06,1.5925102365757202e-05,1.7515216453317586e-06,1.7087294900933029e-06,9.36633515876314e-06,1.4462666354334045e-06,1.4122608192748657e-06,0.999999999538033,6.191608735421727e-11,5.901582654574447e-11
626,1427.8026315844884,0.0006711716996505857,626.0,0.0,long,4,4240,1410.9101007497559,1410.9309109298442,236.0,199.0,900.0,-2.406976521680165e-05,1.9576657851868447e-06,1.9089392547921934e-06,1.5925102365757202e-05,1.7515216453317586e-06,1.7087294900933029e-06,9.36633515876314e-06,1.4462666354334045e-06,1.4122608192748657e-06,0.999999999538033,6.191608735421727e-11,5.901582654574447e-11
627,1427.8234649094284,0.000671416346449405,627.0,0.0,long,4,4240,1410.9101007497559,1410.9309109298442,236.0,199.0,900.0,-2.406976521680165e-05,1.9576657851868447e-06,1.9089392547921934e-06,1.5925102365757202e-05,1.7515216453317586e-06,1.7087294900933029e-06,9.36633515876314e-06,1.4462666354334045e-06,1.4122608192748657e-06,0.999999999538033,6.191608735421727e-11,5.901582654574447e-11
628,1427.84429823437,0.0006716607022099197,628.0,0.0,long,4,4240,1410.9101007497559,1410.9309109298442,236.0,199.0,900.0,-2.406976521680165e-05,1.9576657851868447e-06,1.9089392547921934e-06,1.5925102365757202e-05,1.7515216453317586e-06,1.7087294900933029e-06,9.36633515876314e-06,1.4462666354334045e-06,1.4122608192748657e-06,0.999999999538033,6.191608735421727e-11,5.901582654574447e-11
629,1427.8651315593106,0.0006719048833474517,629.0,0.0,long,4,4240,1410.9101007497559,1410.9309109298442,236.0,199.0,900.0,-2.406976521680165e-05,1.9576657851868447e-06,1.9089392547921934e-06,1.5925102365757202e-05,1.7515216453317586e-06,1.7087294900933029e-06,9.36633515876314e-06,1.4462666354334045e-06,1.4122608192748657e-06,0.999999999538033,6.191608735421727e-11,5.901582654574447e-11
630,1427.8859648842517,0.00067214883165434,630.0,0.0,long,4,4240,1410.9101007497559,1410.9309109298442,236.0,199.0,900.0,-2.406976521680165e-05,1.9576657851868447e-06,1.9089392547921934e-06,1.5925102365757202e-05,1.7515216453317586e-06,1.7087294900933029e-06,9.36633515876314e-06,1.4462666354334045e-06,1.4122608192748657e-06,0.999999999538033,6.191608735421727e-11,5.901582654574447e-11
631,1427.9067982091933,0.0006723926053382456,631.0,0.0,long,4,4240,1410.9101007497559,1410.9309109298442,236.0,199.0,900.0,-2.406976521680165e-05,1.9576657851868447e-06,1.9089392547921934e-06,1.5925102365757202e-05,1.7515216453317586e-06,1.7087294900933029e-06,9.36633515876314e-06,1.4462666354334045e-06,1.4122608192748657e-06,0.999999999538033,6.191608735421727e-11,5.901582654574447e-11
632,1427.927631534135,0.0006726361461915076,632.0,0.0,long,4,4240,1410.9101007497559,1410.9309109298442,236.0,199.0,900.0,-2.406976521680165e-05,1.9576657851868447e-06,1.9089392547921934e-06,1.5925102365757202e-05,1.7515216453317586e-06,1.7087294900933029e-06,9.36633515876314e-06,1.4462666354334045e-06,1.4122608192748657e-06,0.999999999538033,6.191608735421727e-11,5.901582654574447e-11
633,1427.948464859076,0.0006728795124217868,633.0,0.0,long,4,4240,1410.9101007497559,1410.9309109298442,236.0,199.0,900.0,-2.406976521680165e-05,1.9576657851868447e-06,1.9089392547921934e-06,1.5925102365757202e-05,1.7515216453317586e-06,1.7087294900933029e-06,9.36633515876314e-06,1.4462666354334045e-06,1.4122608192748657e-06,0.999999999538033,6.191608735421727e-11,5.901582654574447e-11
634,1427.9692981840174,0.0006731225876137614,634.0,0.0,long,4,4240,1410.9101007497559,1410.9309109298442,236.0,199.0,900.0,-2.406976521680165e-05,1.9576657851868447e-06,1.9089392547921934e-06,1.5925102365757202e-05,1.7515216453317586e-06,1.7087294900933029e-06,9.36633515876314e-06,1.4462666354334045e-06,1.4122608192748657e-06,0.999999999538033,6.191608735421727e-11,5.901582654574447e-11
635,1427.9901315089583,0.0006733654881827533,635.0,0.0,long,4,4240,1410.9101007497559,1410.9309109298442,236.0,199.0,900.0,-2.406976521680165e-05,1.9576657851868447e-06,1.9089392547921934e-06,1.5925102365757202e-05,1.7515216453317586e-06,1.7087294900933029e-06,9.36633515876314e-06,1.4462666354334045e-06,1.4122608192748657e-06,0.999999999538033,6.191608735421727e-11,5.901582654574447e-11
636,1428.0109648338985,0.0006736081559211016,636.0,0.0,long,4,4240,1410.9101007497559,1410.9309109298442,236.0,199.0,900.0,-2.406976521680165e-05,1.9576657851868447e-06,1.9089392547921934e-06,1.5925102365757202e-05,1.7515216453317586e-06,1.7087294900933029e-06,9.36633515876314e-06,1.4462666354334045e-06,1.4122608192748657e-06,0.999999999538033,6.191608735421727e-11,5.901582654574447e-11
637,1428.031798158839,0.0006738506490364671,637.0,0.0,long,4,4240,1410.9101007497559,1410.9309109298442,236.0,199.0,900.0,-2.406976521680165e-05,1.9576657851868447e-06,1.9089392547921934e-06,1.5925102365757202e-05,1.7515216453317586e-06,1.7087294900933029e-06,9.36633515876314e-06,1.4462666354334045e-06,1.4122608192748657e-06,0.999999999538033,6.191608735421727e-11,5.901582654574447e-11
638,1428.0526314837798,0.0006740929093211889,638.0,0.0,long,4,4240,1410.9101007497559,1410.9309109298442,236.0,199.0,900.0,-2.406976521680165e-05,1.9576657851868447e-06,1.9089392547921934e-06,1.5925102365757202e-05,1.7515216453317586e-06,1.7087294900933029e-06,9.36633515876314e-06,1.4462666354334045e-06,1.4122608192748657e-06,0.999999999538033,6.191608735421727e-11,5.901582654574447e-11
639,1428.0734648087214,0.0006743349367752671,639.0,0.0,long,4,4240,1410.9101007497559,1410.9309109298442,236.0,199.0,900.0,-2.406976521680165e-05,1.9576657851868447e-06,1.9089392547921934e-06,1.5925102365757202e-05,1.7515216453317586e-06,1.7087294900933029e-06,9.36633515876314e-06,1.4462666354334045e-06,1.4122608192748657e-06,0.999999999538033,6.191608735421727e-11,5.901582654574447e-11
640,1428.0942981336625,0.0006745767896063626,640.0,0.0,long,4,4240,1410.9101007497559,1410.9309109298442,236.0,199.0,900.0,-2.406976521680165e-05,1.9576657851868447e-06,1.9089392547921934e-06,1.5925102365757202e-05,1.7515216453317586e-06,1.7087294900933029e-06,9.36633515876314e-06,1.4462666354334045e-06,1.4122608192748657e-06,0.999999999538033,6.191608735421727e-11,5.901582654574447e-11
641,1428.1151314586036,0.0006748183513991535,641.0,0.0,long,4,4240,1410.9101007497559,1410.9309109298442,236.0,199.0,900.0,-2.406976521680165e-05,1.9576657851868447e-06,1.9089392547921934e-06,1.5925102365757202e-05,1.7515216453317586e-06,1.7087294900933029e-06,9.36633515876314e-06,1.4462666354334045e-06,1.4122608192748657e-06,0.999999999538033,6.191608735421727e-11,5.901582654574447e-11
642,1428.1359647835448,0.0006750597385689616,642.0,0.0,long,4,4240,1410.9101007497559,1410.9309109298442,236.0,199.0,900.0,-2.406976521680165e-05,1.9576657851868447e-06,1.9089392547921934e-06,1.5925102365757202e-05,1.7515216453317586e-06,1.7087294900933029e-06,9.36633515876314e-06,1.4462666354334045e-06,1.4122608192748657e-06,0.999999999538033,6.191608735421727e-11,5.901582654574447e-11
643,1428.156798108486,0.0006753008929081261,643.0,0.0,long,4,4240,1410.9101007497559,1410.9309109298442,236.0,199.0,900.0,-2.406976521680165e-05,1.9576657851868447e-06,1.9089392547921934e-06,1.5925102365757202e-05,1.7515216453317586e-06,1.7087294900933029e-06,9.36633515876314e-06,1.4462666354334045e-06,1.4122608192748657e-06,0.999999999538033,6.191608735421727e-11,5.901582654574447e-11
644,1428.177631433427,0.0006755418726243079,644.0,0.0,long,4,4240,1410.9101007497559,1410.9309109298442,236.0,199.0,900.0,-2.406976521680165e-05,1.9576657851868447e-06,1.9089392547921934e-06,1.5925102365757202e-05,1.7515216453317586e-06,1.7087294900933029e-06,9.36633515876314e-06,1.4462666354334045e-06,1.4122608192748657e-06,0.999999999538033,6.191608735421727e-11,5.901582654574447e-11
645,1428.1984647583674,0.000675782619509846,645.0,0.0,long,4,4240,1410.9101007497559,1410.9309109298442,236.0,199.0,900.0,-2.406976521680165e-05,1.9576657851868447e-06,1.9089392547921934e-06,1.5925102365757202e-05,1.7515216453317586e-06,1.7087294900933029e-06,9.36633515876314e-06,1.4462666354334045e-06,1.4122608192748657e-06,0.999999999538033,6.191608735421727e-11,5.901582654574447e-11
646,1428.2192980833079,0.0006760231335647404,646.0,0.0,long,4,4240,1410.9101007497559,1410.9309109298442,236.0,199.0,900.0,-2.406976521680165e-05,1.9576657851868447e-06,1.9089392547921934e-06,1.5925102365757202e-05,1.7515216453317586e-06,1.7087294900933029e-06,9.36633515876314e-06,1.4462666354334045e-06,1.4122608192748657e-06,0.999999999538033,6.191608735421727e-11,5.901582654574447e-11
647,1428.2401314082492,0.0006762634147889912,647.0,0.0,long,4,4240,1410.9101007497559,1410.9309109298442,236.0,199.0,900.0,-2.406976521680165e-05,1.9576657851868447e-06,1.9089392547921934e-06,1.5925102365757202e-05,1.7515216453317586e-06,1.7087294900933029e-06,9.36633515876314e-06,1.4462666354334045e-06,1.4122608192748657e-06,0.999999999538033,6.191608735421727e-11,5.901582654574447e-11
648,1428.2609647331908,0.0006765034631825984,648.0,0.0,long,4,4240,1410.9101007497559,1410.9309109298442,236.0,199.0,900.0,-2.406976521680165e-05,1.9576657851868447e-06,1.9089392547921934e-06,1.5925102365757202e-05,1.7515216453317586e-06,1.7087294900933029e-06,9.36633515876314e-06,1.4462666354334045e-06,1.4122608192748657e-06,0.999999999538033,6.191608735421727e-11,5.901582654574447e-11
649,1428.2817980581322,0.0006767433369532228,649.0,0.0,long,4,4240,1410.9101007497559,1410.9309109298442,236.0,199.0,900.0,-2.406976521680165e-05,1.9576657851868447e-06,1.9089392547921934e-06,1.5925102365757202e-05,1.7515216453317586e-06,1.7087294900933029e-06,9.36633515876314e-06,1.4462666354334045e-06,1.4122608192748657e-06,0.999999999538033,6.191608735421727e-11,5.901582654574447e-11
650,1428.3026313830733,0.0006769829778932035,650.0,0.0,long,4,4240,1410.9101007497559,1410.9309109298442,236.0,199.0,900.0,-2.406976521680165e-05,1.9576657851868447e-06,1.9089392547921934e-06,1.5925102365757202e-05,1.7515216453317586e-06,1.7087294900933029e-06,9.36633515876314e-06,1.4462666354334045e-06,1.4122608192748657e-06,0.999999999538033,6.191608735421727e-11,5.901582654574447e-11
651,1428.323464708014,0.0006772223860025406,651.0,0.0,long,4,4240,1410.9101007497559,1410.9309109298442,236.0,199.0,900.0,-2.406976521680165e-05,1.9576657851868447e-06,1.9089392547921934e-06,1.5925102365757202e-05,1.7515216453317586e-06,1.7087294900933029e-06,9.36633515876314e-06,1.4462666354334045e-06,1.4122608192748657e-06,0.999999999538033,6.191608735421727e-11,5.901582654574447e-11
652,1428.3442980329546,0.000677461561281234,652.0,0.0,long,4,4240,1410.9101007497559,1410.9309109298442,236.0,199.0,900.0,-2.406976521680165e-05,1.9576657851868447e-06,1.9089392547921934e-06,1.5925102365757202e-05,1.7515216453317586e-06,1.7087294900933029e-06,9.36633515876314e-06,1.4462666354334045e-06,1.4122608192748657e-06,0.999999999538033,6.191608735421727e-11,5.901582654574447e-11
653,1428.3651313578962,0.0006777005037292838,653.0,0.0,long,4,4240,1410.9101007497559,1410.9309109298442,236.0,199.0,900.0,-2.406976521680165e-05,1.9576657851868447e-06,1.9089392547921934e-06,1.5925102365757202e-05,1.7515216453317586e-06,1.7087294900933029e-06,9.36633515876314e-06,1.4462666354334045e-06,1.4122608192748657e-06,0.999999999538033,6.191608735421727e-11,5.901582654574447e-11
654,1428.3859646828369,0.0006779392715543509,654.0,0.0,long,4,4240,1410.9101007497559,1410.9309109298442,236.0,199.0,900.0,-2.406976521680165e-05,1.9576657851868447e-06,1.9089392547921934e-06,1.5925102365757202e-05,1.7515216453317586e-06,1.7087294900933029e-06,9.36633515876314e-06,1.4462666354334045e-06,1.4122608192748657e-06,0.999999999538033,6.191608735421727e-11,5.901582654574447e-11
655,1428.4067980077775,0.0006781778065487742,655.0,0.0,long,4,4240,1410.9101007497559,1410.9309109298442,236.0,199.0,900.0,-2.406976521680165e-05,1.9576657851868447e-06,1.9089392547921934e-06,1.5925102365757202e-05,1.7515216453317586e-06,1.7087294900933029e-06,9.36633515876314e-06,1.4462666354334045e-06,1.4122608192748657e-06,0.999999999538033,6.191608735421727e-11,5.901582654574447e-11
656,1428.427631332719,0.0006784160505048931,656.0,0.0,long,4,4240,1410.9101007497559,1410.9309109298442,236.0,199.0,900.0,-2.406976521680165e-05,1.9576657851868447e-06,1.9089392547921934e-06,1.5925102365757202e-05,1.7515216453317586e-06,1.7087294900933029e-06,9.36633515876314e-06,1.4462666354334045e-06,1.4122608192748657e-06,0.999999999538033,6.191608735421727e-11,5.901582654574447e-11
657,1428.4484646576598,0.0006786541780456901,657.0,0.0,long,4,4240,1410.9101007497559,1410.9309109298442,236.0,199.0,900.0,-2.406976521680165e-05,1.9576657851868447e-06,1.9089392547921934e-06,1.5925102365757202e-05,1.7515216453317586e-06,1.7087294900933029e-06,9.36633515876314e-06,1.4462666354334045e-06,1.4122608192748657e-06,0.999999999538033,6.191608735421727e-11,5.901582654574447e-11
658,1428.469297982601,0.0006788920145481825,658.0,0.0,long,4,4240,1410.9101007497559,1410.9309109298442,236.0,199.0,900.0,-2.406976521680165e-05,1.9576657851868447e-06,1.9089392547921934e-06,1.5925102365757202e-05,1.7515216453317586e-06,1.7087294900933029e-06,9.36633515876314e-06,1.4462666354334045e-06,1.4122608192748657e-06,0.999999999538033,6.191608735421727e-11,5.901582654574447e-11
659,1428.4901313075418,0.0006791296182200313,659.0,0.0,long,4,4240,1410.9101007497559,1410.9309109298442,236.0,199.0,900.0,-2.406976521680165e-05,1.9576657851868447e-06,1.9089392547921934e-06,1.5925102365757202e-05,1.7515216453317586e-06,1.7087294900933029e-06,9.36633515876314e-06,1.4462666354334045e-06,1.4122608192748657e-06,0.999999999538033,6.191608735421727e-11,5.901582654574447e-11
660,1428.5109646324836,0.0006793670472688973,660.0,0.0,long,4,4240,1410.9101007497559,1410.9309109298442,236.0,199.0,900.0,-2.406976521680165e-05,1.9576657851868447e-06,1.9089392547921934e-06,1.5925102365757202e-05,1.7515216453317586e-06,1.7087294900933029e-06,9.36633515876314e-06,1.4462666354334045e-06,1.4122608192748657e-06,0.999999999538033,6.191608735421727e-11,5.901582654574447e-11
661,1428.5317979574247,0.0006796041852794588,661.0,0.0,long,4,4240,1410.9101007497559,1410.9309109298442,236.0,199.0,900.0,-2.406976521680165e-05,1.9576657851868447e-06,1.9089392547921934e-06,1.5925102365757202e-05,1.7515216453317586e-06,1.7087294900933029e-06,9.36633515876314e-06,1.4462666354334045e-06,1.4122608192748657e-06,0.999999999538033,6.191608735421727e-11,5.901582654574447e-11
662,1428.5526312823658,0.0006798411486670375,662.0,0.0,long,4,4240,1410.9101007497559,1410.9309109298442,236.0,199.0,900.0,-2.406976521680165e-05,1.9576657851868447e-06,1.9089392547921934e-06,1.5925102365757202e-05,1.7515216453317586e-06,1.7087294900933029e-06,9.36633515876314e-06,1.4462666354334045e-06,1.4122608192748657e-06,0.999999999538033,6.191608735421727e-11,5.901582654574447e-11
663,1428.5734646073074,0.0006800778792239726,663.0,0.0,long,4,4240,1410.9101007497559,1410.9309109298442,236.0,199.0,900.0,-2.406976521680165e-05,1.9576657851868447e-06,1.9089392547921934e-06,1.5925102365757202e-05,1.7515216453317586e-06,1.7087294900933029e-06,9.36633515876314e-06,1.4462666354334045e-06,1.4122608192748657e-06,0.999999999538033,6.191608735421727e-11,5.901582654574447e-11
664,1428.5942979322476,0.000680314376950264,664.0,0.0,long,4,4240,1410.9101007497559,1410.9309109298442,236.0,199.0,900.0,-2.406976521680165e-05,1.9576657851868447e-06,1.9089392547921934e-06,1.5925102365757202e-05,1.7515216453317586e-06,1.7087294900933029e-06,9.36633515876314e-06,1.4462666354334045e-06,1.4122608192748657e-06,0.999999999538033,6.191608735421727e-11,5.901582654574447e-11
665,1428.6151312571888,0.0006805506418459117,665.0,0.0,long,4,4240,1410.9101007497559,1410.9309109298442,236.0,199.0,900.0,-2.406976521680165e-05,1.9576657851868447e-06,1.9089392547921934e-06,1.5925102365757202e-05,1.7515216453317586e-06,1.7087294900933029e-06,9.36633515876314e-06,1.4462666354334045e-06,1.4122608192748657e-06,0.999999999538033,6.191608735421727e-11,5.901582654574447e-11
666,1428.6359645821294,0.0006807866739109159,666.0,0.0,long,4,4240,1410.9101007497559,1410.9309109298442,236.0,199.0,900.0,-2.406976521680165e-05,1.9576657851868447e-06,1.9089392547921934e-06,1.5925102365757202e-05,1.7515216453317586e-06,1.7087294900933029e-06,9.36633515876314e-06,1.4462666354334045e-06,1.4122608192748657e-06,0.999999999538033,6.191608735421727e-11,5.901582654574447e-11
667,1428.6567979070705,0.0006810225313529372,667.0,0.0,long,4,4240,1410.9101007497559,1410.9309109298442,236.0,199.0,900.0,-2.406976521680165e-05,1.9576657851868447e-06,1.9089392547921934e-06,1.5925102365757202e-05,1.7515216453317586e-06,1.7087294900933029e-06,9.36633515876314e-06,1.4462666354334045e-06,1.4122608192748657e-06,0.999999999538033,6.191608735421727e-11,5.901582654574447e-11
668,1428.6776312320117,0.000681258097756654,668.0,0.0,long,4,4240,1410.9101007497559,1410.9309109298442,236.0,199.0,900.0,-2.406976521680165e-05,1.9576657851868447e-06,1.9089392547921934e-06,1.5925102365757202e-05,1.7515216453317586e-06,1.7087294900933029e-06,9.36633515876314e-06,1.4462666354334045e-06,1.4122608192748657e-06,0.999999999538033,6.191608735421727e-11,5.901582654574447e-11
669,1428.6984645569523,0.0006814934895373881,669.0,0.0,long,4,4240,1410.9101007497559,1410.9309109298442,236.0,199.0,900.0,-2.406976521680165e-05,1.9576657851868447e-06,1.9089392547921934e-06,1.5925102365757202e-05,1.7515216453317586e-06,1.7087294900933029e-06,9.36633515876314e-06,1.4462666354334045e-06,1.4122608192748657e-06,0.999999999538033,6.191608735421727e-11,5.901582654574447e-11
670,1428.7192978818948,0.0006817285902798176,670.0,0.0,long,4,4240,1410.9101007497559,1410.9309109298442,236.0,199.0,900.0,-2.406976521680165e-05,1.9576657851868447e-06,1.9089392547921934e-06,1.5925102365757202e-05,1.7515216453317586e-06,1.7087294900933029e-06,9.36633515876314e-06,1.4462666354334045e-06,1.4122608192748657e-06,0.999999999538033,6.191608735421727e-11,5.901582654574447e-11
671,1428.740131206836,0.0006819635163992643,671.0,0.0,long,4,4240,1410.9101007497559,1410.9309109298442,236.0,199.0,900.0,-2.406976521680165e-05,1.9576657851868447e-06,1.9089392547921934e-06,1.5925102365757202e-05,1.7515216453317586e-06,1.7087294900933029e-06,9.36633515876314e-06,1.4462666354334045e-06,1.4122608192748657e-06,0.999999999538033,6.191608735421727e-11,5.901582654574447e-11
672,1428.7609645317768,0.0006821982096880674,672.0,0.0,long,4,4240,1410.9101007497559,1410.9309109298442,236.0,199.0,900.0,-2.406976521680165e-05,1.9576657851868447e-06,1.9089392547921934e-06,1.5925102365757202e-05,1.7515216453317586e-06,1.7087294900933029e-06,9.36633515876314e-06,1.4462666354334045e-06,1.4122608192748657e-06,0.999999999538033,6.191608735421727e-11,5.901582654574447e-11
673,1428.7817978567177,0.0006824326701462269,673.0,0.0,long,4,4240,1410.9101007497559,1410.9309109298442,236.0,199.0,900.0,-2.406976521680165e-05,1.9576657851868447e-06,1.9089392547921934e-06,1.5925102365757202e-05,1.7515216453317586e-06,1.7087294900933029e-06,9.36633515876314e-06,1.4462666354334045e-06,1.4122608192748657e-06,0.999999999538033,6.191608735421727e-11,5.901582654574447e-11
674,1428.8026311816582,0.0006826668977737427,674.0,0.0,long,4,4240,1410.9101007497559,1410.9309109298442,236.0,199.0,900.0,-2.406976521680165e-05,1.9576657851868447e-06,1.9089392547921934e-06,1.5925102365757202e-05,1.7515216453317586e-06,1.7087294900933029e-06,9.36633515876314e-06,1.4462666354334045e-06,1.4122608192748657e-06,0.999999999538033,6.191608735421727e-11,5.901582654574447e-11
675,1428.8234645065995,0.0006829008343629539,675.0,0.0,long,4,4240,1410.9101007497559,1410.9309109298442,236.0,199.0,900.0,-2.406976521680165e-05,1.9576657851868447e-06,1.9089392547921934e-06,1.5925102365757202e-05,1.7515216453317586e-06,1.7087294900933029e-06,9.36633515876314e-06,1.4462666354334045e-06,1.4122608192748657e-06,0.999999999538033,6.191608735421727e-11,5.901582654574447e-11
676,1428.8442978315402,0.0006831345963291824,676.0,0.0,long,4,4240,1410.9101007497559,1410.9309109298442,236.0,199.0,900.0,-2.406976521680165e-05,1.9576657851868447e-06,1.9089392547921934e-06,1.5925102365757202e-05,1.7515216453317586e-06,1.7087294900933029e-06,9.36633515876314e-06,1.4462666354334045e-06,1.4122608192748657e-06,0.999999999538033,6.191608735421727e-11,5.901582654574447e-11
677,1428.8651311564815,0.0006833681254647672,677.0,0.0,long,4,4240,1410.9101007497559,1410.9309109298442,236.0,199.0,900.0,-2.406976521680165e-05,1.9576657851868447e-06,1.9089392547921934e-06,1.5925102365757202e-05,1.7515216453317586e-06,1.7087294900933029e-06,9.36633515876314e-06,1.4462666354334045e-06,1.4122608192748657e-06,0.999999999538033,6.191608735421727e-11,5.901582654574447e-11
678,1428.885964481423,0.0006836014799773693,678.0,0.0,long,4,4240,1410.9101007497559,1410.9309109298442,236.0,199.0,900.0,-2.406976521680165e-05,1.9576657851868447e-06,1.9089392547921934e-06,1.5925102365757202e-05,1.7515216453317586e-06,1.7087294900933029e-06,9.36633515876314e-06,1.4462666354334045e-06,1.4122608192748657e-06,0.999999999538033,6.191608735421727e-11,5.901582654574447e-11
679,1428.906797806364,0.0006838345434516668,679.0,0.0,long,4,4240,1410.9101007497559,1410.9309109298442,236.0,199.0,900.0,-2.406976521680165e-05,1.9576657851868447e-06,1.9089392547921934e-06,1.5925102365757202e-05,1.7515216453317586e-06,1.7087294900933029e-06,9.36633515876314e-06,1.4462666354334045e-06,1.4122608192748657e-06,0.999999999538033,6.191608735421727e-11,5.901582654574447e-11
680,1428.9276311313054,0.0006840673740953207,680.0,0.0,long,4,4240,1410.9101007497559,1410.9309109298442,236.0,199.0,900.0,-2.406976521680165e-05,1.9576657851868447e-06,1.9089392547921934e-06,1.5925102365757202e-05,1.7515216453317586e-06,1.7087294900933029e-06,9.36633515876314e-06,1.4462666354334045e-06,1.4122608192748657e-06,0.999999999538033,6.191608735421727e-11,5.901582654574447e-11
681,1428.9484644562472,0.0006842999719083309,681.0,0.0,long,4,4240,1410.9101007497559,1410.9309109298442,236.0,199.0,900.0,-2.406976521680165e-05,1.9576657851868447e-06,1.9089392547921934e-06,1.5925102365757202e-05,1.7515216453317586e-06,1.7087294900933029e-06,9.36633515876314e-06,1.4462666354334045e-06,1.4122608192748657e-06,0.999999999538033,6.191608735421727e-11,5.901582654574447e-11
682,1428.9692977811876,0.0006845323368906975,682.0,0.0,long,4,4240,1410.9101007497559,1410.9309109298442,236.0,199.0,900.0,-2.406976521680165e-05,1.9576657851868447e-06,1.9089392547921934e-06,1.5925102365757202e-05,1.7515216453317586e-06,1.7087294900933029e-06,9.36633515876314e-06,1.4462666354334045e-06,1.4122608192748657e-06,0.999999999538033,6.191608735421727e-11,5.901582654574447e-11
683,1428.990131106128,0.0006847644690424204,683.0,0.0,long,4,4240,1410.9101007497559,1410.9309109298442,236.0,199.0,900.0,-2.406976521680165e-05,1.9576657851868447e-06,1.9089392547921934e-06,1.5925102365757202e-05,1.7515216453317586e-06,1.7087294900933029e-06,9.36633515876314e-06,1.4462666354334045e-06,1.4122608192748657e-06,0.999999999538033,6.191608735421727e-11,5.901582654574447e-11
684,1429.0109644310692,0.0006849963683634996,684.0,0.0,long,4,4240,1410.9101007497559,1410.9309109298442,236.0,199.0,900.0,-2.406976521680165e-05,1.9576657851868447e-06,1.9089392547921934e-06,1.5925102365757202e-05,1.7515216453317586e-06,1.7087294900933029e-06,9.36633515876314e-06,1.4462666354334045e-06,1.4122608192748657e-06,0.999999999538033,6.191608735421727e-11,5.901582654574447e-11
685,1429.0317977560098,0.0006852280930615962,685.0,0.0,long,4,4240,1410.9101007497559,1410.9309109298442,236.0,199.0,900.0,-2.406976521680165e-05,1.9576657851868447e-06,1.9089392547921934e-06,1.5925102365757202e-05,1.7515216453317586e-06,1.7087294900933029e-06,9.36633515876314e-06,1.4462666354334045e-06,1.4122608192748657e-06,0.999999999538033,6.191608735421727e-11,5.901582654574447e-11
686,1429.0526310809523,0.0006854595267213881,686.0,0.0,long,4,4240,1410.9101007497559,1410.9309109298442,236.0,199.0,900.0,-2.406976521680165e-05,1.9576657851868447e-06,1.9089392547921934e-06,1.5925102365757202e-05,1.7515216453317586e-06,1.7087294900933029e-06,9.36633515876314e-06,1.4462666354334045e-06,1.4122608192748657e-06,0.999999999538033,6.191608735421727e-11,5.901582654574447e-11
687,1429.073464405893,0.0006856907275505364,687.0,0.0,long,4,4240,1410.9101007497559,1410.9309109298442,236.0,199.0,900.0,-2.406976521680165e-05,1.9576657851868447e-06,1.9089392547921934e-06,1.5925102365757202e-05,1.7515216453317586e-06,1.7087294900933029e-06,9.36633515876314e-06,1.4462666354334045e-06,1.4122608192748657e-06,0.999999999538033,6.191608735421727e-11,5.901582654574447e-11
688,1429.0942977308346,0.000685921695549041,688.0,0.0,long,4,4240,1410.9101007497559,1410.9309109298442,236.0,199.0,900.0,-2.406976521680165e-05,1.9576657851868447e-06,1.9089392547921934e-06,1.5925102365757202e-05,1.7515216453317586e-06,1.7087294900933029e-06,9.36633515876314e-06,1.4462666354334045e-06,1.4122608192748657e-06,0.999999999538033,6.191608735421727e-11,5.901582654574447e-11
689,1429.1151310557761,0.000686152430716902,689.0,0.0,long,4,4240,1410.9101007497559,1410.9309109298442,236.0,199.0,900.0,-2.406976521680165e-05,1.9576657851868447e-06,1.9089392547921934e-06,1.5925102365757202e-05,1.7515216453317586e-06,1.7087294900933029e-06,9.36633515876314e-06,1.4462666354334045e-06,1.4122608192748657e-06,0.999999999538033,6.191608735421727e-11,5.901582654574447e-11
690,1429.1359643807168,0.0006863829330541193,690.0,0.0,long,4,4240,1410.9101007497559,1410.9309109298442,236.0,199.0,900.0,-2.406976521680165e-05,1.9576657851868447e-06,1.9089392547921934e-06,1.5925102365757202e-05,1.7515216453317586e-06,1.7087294900933029e-06,9.36633515876314e-06,1.4462666354334045e-06,1.4122608192748657e-06,0.999999999538033,6.191608735421727e-11,5.901582654574447e-11
691,1429.156797705658,0.000686613202560693,691.0,0.0,long,4,4240,1410.9101007497559,1410.9309109298442,236.0,199.0,900.0,-2.406976521680165e-05,1.9576657851868447e-06,1.9089392547921934e-06,1.5925102365757202e-05,1.7515216453317586e-06,1.7087294900933029e-06,9.36633515876314e-06,1.4462666354334045e-06,1.4122608192748657e-06,0.999999999538033,6.191608735421727e-11,5.901582654574447e-11
692,1429.177631030599,0.000686843297444284,692.0,0.0,long,4,4240,1410.9101007497559,1410.9309109298442,236.0,199.0,900.0,-2.406976521680165e-05,1.9576657851868447e-06,1.9089392547921934e-06,1.5925102365757202e-05,1.7515216453317586e-06,1.7087294900933029e-06,9.36633515876314e-06,1.4462666354334045e-06,1.4122608192748657e-06,0.999999999538033,6.191608735421727e-11,5.901582654574447e-11
693,1429.1984643555393,0.0006870731012895703,693.0,0.0,long,4,4240,1410.9101007497559,1410.9309109298442,236.0,199.0,900.0,-2.406976521680165e-05,1.9576657851868447e-06,1.9089392547921934e-06,1.5925102365757202e-05,1.7515216453317586e-06,1.7087294900933029e-06,9.36633515876314e-06,1.4462666354334045e-06,1.4122608192748657e-06,0.999999999538033,6.191608735421727e-11,5.901582654574447e-11
694,1429.2192976804808,0.0006873026140965521,694.0,0.0,long,4,4240,1410.9101007497559,1410.9309109298442,236.0,199.0,900.0,-2.406976521680165e-05,1.9576657851868447e-06,1.9089392547921934e-06,1.5925102365757202e-05,1.7515216453317586e-06,1.7087294900933029e-06,9.36633515876314e-06,1.4462666354334045e-06,1.4122608192748657e-06,0.999999999538033,6.191608735421727e-11,5.901582654574447e-11
695,1429.2401310054217,0.0006875319522805512,695.0,0.0,long,4,4240,1410.9101007497559,1410.9309109298442,236.0,199.0,900.0,-2.406976521680165e-05,1.9576657851868447e-06,1.9089392547921934e-06,1.5925102365757202e-05,1.7515216453317586e-06,1.7087294900933029e-06,9.36633515876314e-06,1.4462666354334045e-06,1.4122608192748657e-06,0.999999999538033,6.191608735421727e-11,5.901582654574447e-11
696,1429.2609643303622,0.0006877610576339066,696.0,0.0,long,4,4240,1410.9101007497559,1410.9309109298442,236.0,199.0,900.0,-2.406976521680165e-05,1.9576657851868447e-06,1.9089392547921934e-06,1.5925102365757202e-05,1.7515216453317586e-06,1.7087294900933029e-06,9.36633515876314e-06,1.4462666354334045e-06,1.4122608192748657e-06,0.999999999538033,6.191608735421727e-11,5.901582654574447e-11
697,1429.2817976553047,0.0006879899301566184,697.0,0.0,long,4,4240,1410.9101007497559,1410.9309109298442,236.0,199.0,900.0,-2.406976521680165e-05,1.9576657851868447e-06,1.9089392547921934e-06,1.5925102365757202e-05,1.7515216453317586e-06,1.7087294900933029e-06,9.36633515876314e-06,1.4462666354334045e-06,1.4122608192748657e-06,0.999999999538033,6.191608735421727e-11,5.901582654574447e-11
698,1429.3026309802458,0.0006882185698486865,698.0,0.0,long,4,4240,1410.9101007497559,1410.9309109298442,236.0,199.0,900.0,-2.406976521680165e-05,1.9576657851868447e-06,1.9089392547921934e-06,1.5925102365757202e-05,1.7515216453317586e-06,1.7087294900933029e-06,9.36633515876314e-06,1.4462666354334045e-06,1.4122608192748657e-06,0.999999999538033,6.191608735421727e-11,5.901582654574447e-11
699,1429.3234643051865,0.00068844691850245,699.0,0.0,long,4,4240,1410.9101007497559,1410.9309109298442,236.0,199.0,900.0,-2.406976521680165e-05,1.9576657851868447e-06,1.9089392547921934e-06,1.5925102365757202e-05,1.7515216453317586e-06,1.7087294900933029e-06,9.36633515876314e-06,1.4462666354334045e-06,1.4122608192748657e-06,0.999999999538033,6.191608735421727e-11,5.901582654574447e-11
700,1429.3442976301285,0.0006886750925332308,700.0,0.0,long,4,4240,1410.9101007497559,1410.9309109298442,236.0,199.0,900.0,-2.406976521680165e-05,1.9576657851868447e-06,1.9089392547921934e-06,1.5925102365757202e-05,1.7515216453317586e-06,1.7087294900933029e-06,9.36633515876314e-06,1.4462666354334045e-06,1.4122608192748657e-06,0.999999999538033,6.191608735421727e-11,5.901582654574447e-11
701,1429.365130955069,0.000688902975525707,701.0,0.0,long,4,4240,1410.9101007497559,1410.9309109298442,236.0,199.0,900.0,-2.406976521680165e-05,1.9576657851868447e-06,1.9089392547921934e-06,1.5925102365757202e-05,1.7515216453317586e-06,1.7087294900933029e-06,9.36633515876314e-06,1.4462666354334045e-06,1.4122608192748657e-06,0.999999999538033,6.191608735421727e-11,5.901582654574447e-11
702,1429.385964280009,0.0006891306838952005,702.0,0.0,long,4,4240,1410.9101007497559,1410.9309109298442,236.0,199.0,900.0,-2.406976521680165e-05,1.9576657851868447e-06,1.9089392547921934e-06,1.5925102365757202e-05,1.7515216453317586e-06,1.7087294900933029e-06,9.36633515876314e-06,1.4462666354334045e-06,1.4122608192748657e-06,0.999999999538033,6.191608735421727e-11,5.901582654574447e-11
703,1429.406797604951,0.0006893581012263894,703.0,0.0,long,4,4240,1410.9101007497559,1410.9309109298442,236.0,199.0,900.0,-2.406976521680165e-05,1.9576657851868447e-06,1.9089392547921934e-06,1.5925102365757202e-05,1.7515216453317586e-06,1.7087294900933029e-06,9.36633515876314e-06,1.4462666354334045e-06,1.4122608192748657e-06,0.999999999538033,6.191608735421727e-11,5.901582654574447e-11
704,1429.4276309298916,0.0006895852857269347,704.0,0.0,long,4,4240,1410.9101007497559,1410.9309109298442,236.0,199.0,900.0,-2.406976521680165e-05,1.9576657851868447e-06,1.9089392547921934e-06,1.5925102365757202e-05,1.7515216453317586e-06,1.7087294900933029e-06,9.36633515876314e-06,1.4462666354334045e-06,1.4122608192748657e-06,0.999999999538033,6.191608735421727e-11,5.901582654574447e-11
705,1429.4484642548337,0.0006898122373968363,705.0,0.0,long,4,4240,1410.9101007497559,1410.9309109298442,236.0,199.0,900.0,-2.406976521680165e-05,1.9576657851868447e-06,1.9089392547921934e-06,1.5925102365757202e-05,1.7515216453317586e-06,1.7087294900933029e-06,9.36633515876314e-06,1.4462666354334045e-06,1.4122608192748657e-06,0.999999999538033,6.191608735421727e-11,5.901582654574447e-11
706,1429.4692975797748,0.0006900389562360942,706.0,0.0,long,4,4240,1410.9101007497559,1410.9309109298442,236.0,199.0,900.0,-2.406976521680165e-05,1.9576657851868447e-06,1.9089392547921934e-06,1.5925102365757202e-05,1.7515216453317586e-06,1.7087294900933029e-06,9.36633515876314e-06,1.4462666354334045e-06,1.4122608192748657e-06,0.999999999538033,6.191608735421727e-11,5.901582654574447e-11
707,1429.4901309047164,0.0006902654422447085,707.0,0.0,long,4,4240,1410.9101007497559,1410.9309109298442,236.0,199.0,900.0,-2.406976521680165e-05,1.9576657851868447e-06,1.9089392547921934e-06,1.5925102365757202e-05,1.7515216453317586e-06,1.7087294900933029e-06,9.36633515876314e-06,1.4462666354334045e-06,1.4122608192748657e-06,0.999999999538033,6.191608735421727e-11,5.901582654574447e-11
708,1429.510964229657,0.0006904916954226792,708.0,0.0,long,4,4240,1410.9101007497559,1410.9309109298442,236.0,199.0,900.0,-2.406976521680165e-05,1.9576657851868447e-06,1.9089392547921934e-06,1.5925102365757202e-05,1.7515216453317586e-06,1.7087294900933029e-06,9.36633515876314e-06,1.4462666354334045e-06,1.4122608192748657e-06,0.999999999538033,6.191608735421727e-11,5.901582654574447e-11
709,1429.531797554599,0.0006907176575623453,709.0,0.0,long,4,4240,1410.9101007497559,1410.9309109298442,236.0,199.0,900.0,-2.406976521680165e-05,1.9576657851868447e-06,1.9089392547921934e-06,1.5925102365757202e-05,1.7515216453317586e-06,1.7087294900933029e-06,9.36633515876314e-06,1.4462666354334045e-06,1.4122608192748657e-06,0.999999999538033,6.191608735421727e-11,5.901582654574447e-11
710,1429.5526308795395,0.0006909434450790286,710.0,0.0,long,4,4240,1410.9101007497559,1410.9309109298442,236.0,199.0,900.0,-2.406976521680165e-05,1.9576657851868447e-06,1.9089392547921934e-06,1.5925102365757202e-05,1.7515216453317586e-06,1.7087294900933029e-06,9.36633515876314e-06,1.4462666354334045e-06,1.4122608192748657e-06,0.999999999538033,6.191608735421727e-11,5.901582654574447e-11
711,1429.5734642044795,0.0006911689415574074,711.0,0.0,long,4,4240,1410.9101007497559,1410.9309109298442,236.0,199.0,900.0,-2.406976521680165e-05,1.9576657851868447e-06,1.9089392547921934e-06,1.5925102365757202e-05,1.7515216453317586e-06,1.7087294900933029e-06,9.36633515876314e-06,1.4462666354334045e-06,1.4122608192748657e-06,0.999999999538033,6.191608735421727e-11,5.901582654574447e-11
712,1429.594297529422,0.0006913942052051425,712.0,0.0,long,4,4240,1410.9101007497559,1410.9309109298442,236.0,199.0,900.0,-2.406976521680165e-05,1.9576657851868447e-06,1.9089392547921934e-06,1.5925102365757202e-05,1.7515216453317586e-06,1.7087294900933029e-06,9.36633515876314e-06,1.4462666354334045e-06,1.4122608192748657e-06,0.999999999538033,6.191608735421727e-11,5.901582654574447e-11
713,1429.6151308543626,0.000691619236022234,713.0,0.0,long,4,4240,1410.9101007497559,1410.9309109298442,236.0,199.0,900.0,-2.406976521680165e-05,1.9576657851868447e-06,1.9089392547921934e-06,1.5925102365757202e-05,1.7515216453317586e-06,1.7087294900933029e-06,9.36633515876314e-06,1.4462666354334045e-06,1.4122608192748657e-06,0.999999999538033,6.191608735421727e-11,5.901582654574447e-11
714,1429.635964179304,0.0006918440340086818,714.0,0.0,long,4,4240,1410.9101007497559,1410.9309109298442,236.0,199.0,900.0,-2.406976521680165e-05,1.9576657851868447e-06,1.9089392547921934e-06,1.5925102365757202e-05,1.7515216453317586e-06,1.7087294900933029e-06,9.36633515876314e-06,1.4462666354334045e-06,1.4122608192748657e-06,0.999999999538033,6.191608735421727e-11,5.901582654574447e-11
715,1429.6567975042453,0.0006920685991644859,715.0,0.0,long,4,4240,1410.9101007497559,1410.9309109298442,236.0,199.0,900.0,-2.406976521680165e-05,1.9576657851868447e-06,1.9089392547921934e-06,1.5925102365757202e-05,1.7515216453317586e-06,1.7087294900933029e-06,9.36633515876314e-06,1.4462666354334045e-06,1.4122608192748657e-06,0.999999999538033,6.191608735421727e-11,5.901582654574447e-11
716,1429.6776308291862,0.0006922928732819855,716.0,0.0,long,4,4240,1410.9101007497559,1410.9309109298442,236.0,199.0,900.0,-2.406976521680165e-05,1.9576657851868447e-06,1.9089392547921934e-06,1.5925102365757202e-05,1.7515216453317586e-06,1.7087294900933029e-06,9.36633515876314e-06,1.4462666354334045e-06,1.4122608192748657e-06,0.999999999538033,6.191608735421727e-11,5.901582654574447e-11
717,1429.6984641541276,0.0006925169145688415,717.0,0.0,long,4,4240,1410.9101007497559,1410.9309109298442,236.0,199.0,900.0,-2.406976521680165e-05,1.9576657851868447e-06,1.9089392547921934e-06,1.5925102365757202e-05,1.7515216453317586e-06,1.7087294900933029e-06,9.36633515876314e-06,1.4462666354334045e-06,1.4122608192748657e-06,0.999999999538033,6.191608735421727e-11,5.901582654574447e-11
718,1429.7192974790696,0.0006927407812327147,718.0,0.0,long,4,4240,1410.9101007497559,1410.9309109298442,236.0,199.0,900.0,-2.406976521680165e-05,1.9576657851868447e-06,1.9089392547921934e-06,1.5925102365757202e-05,1.7515216453317586e-06,1.7087294900933029e-06,9.36633515876314e-06,1.4462666354334045e-06,1.4122608192748657e-06,0.999999999538033,6.191608735421727e-11,5.901582654574447e-11
719,1429.7401308040112,0.0006929643568582833,719.0,0.0,long,4,4240,1410.9101007497559,1410.9309109298442,236.0,199.0,900.0,-2.406976521680165e-05,1.9576657851868447e-06,1.9089392547921934e-06,1.5925102365757202e-05,1.7515216453317586e-06,1.7087294900933029e-06,9.36633515876314e-06,1.4462666354334045e-06,1.4122608192748657e-06,0.999999999538033,6.191608735421727e-11,5.901582654574447e-11
720,1429.7609641289514,0.0006931876414455473,720.0,0.0,long,4,4240,1410.9101007497559,1410.9309109298442,236.0,199.0,900.0,-2.406976521680165e-05,1.9576657851868447e-06,1.9089392547921934e-06,1.5925102365757202e-05,1.7515216453317586e-06,1.7087294900933029e-06,9.36633515876314e-06,1.4462666354334045e-06,1.4122608192748657e-06,0.999999999538033,6.191608735421727e-11,5.901582654574447e-11
721,1429.7817974538916,0.0006934107514098287,721.0,0.0,long,4,4240,1410.9101007497559,1410.9309109298442,236.0,199.0,900.0,-2.406976521680165e-05,1.9576657851868447e-06,1.9089392547921934e-06,1.5925102365757202e-05,1.7515216453317586e-06,1.7087294900933029e-06,9.36633515876314e-06,1.4462666354334045e-06,1.4122608192748657e-06,0.999999999538033,6.191608735421727e-11,5.901582654574447e-11
722,1429.8026307788336,0.0006936335703358054,722.0,0.0,long,4,4240,1410.9101007497559,1410.9309109298442,236.0,199.0,900.0,-2.406976521680165e-05,1.9576657851868447e-06,1.9089392547921934e-06,1.5925102365757202e-05,1.7515216453317586e-06,1.7087294900933029e-06,9.36633515876314e-06,1.4462666354334045e-06,1.4122608192748657e-06,0.999999999538033,6.191608735421727e-11,5.901582654574447e-11
723,1429.8234641037752,0.0006938561564311385,723.0,0.0,long,4,4240,1410.9101007497559,1410.9309109298442,236.0,199.0,900.0,-2.406976521680165e-05,1.9576657851868447e-06,1.9089392547921934e-06,1.5925102365757202e-05,1.7515216453317586e-06,1.7087294900933029e-06,9.36633515876314e-06,1.4462666354334045e-06,1.4122608192748657e-06,0.999999999538033,6.191608735421727e-11,5.901582654574447e-11
724,1429.844297428716,0.000694078509695828,724.0,0.0,long,4,4240,1410.9101007497559,1410.9309109298442,236.0,199.0,900.0,-2.406976521680165e-05,1.9576657851868447e-06,1.9089392547921934e-06,1.5925102365757202e-05,1.7515216453317586e-06,1.7087294900933029e-06,9.36633515876314e-06,1.4462666354334045e-06,1.4122608192748657e-06,0.999999999538033,6.191608735421727e-11,5.901582654574447e-11
725,1429.865130753658,0.0006943006301298738,725.0,0.0,long,4,4240,1410.9101007497559,1410.9309109298442,236.0,199.0,900.0,-2.406976521680165e-05,1.9576657851868447e-06,1.9089392547921934e-06,1.5925102365757202e-05,1.7515216453317586e-06,1.7087294900933029e-06,9.36633515876314e-06,1.4462666354334045e-06,1.4122608192748657e-06,0.999999999538033,6.191608735421727e-11,5.901582654574447e-11
726,1429.8859640785986,0.0006945225177332759,726.0,0.0,long,4,4240,1410.9101007497559,1410.9309109298442,236.0,199.0,900.0,-2.406976521680165e-05,1.9576657851868447e-06,1.9089392547921934e-06,1.5925102365757202e-05,1.7515216453317586e-06,1.7087294900933029e-06,9.36633515876314e-06,1.4462666354334045e-06,1.4122608192748657e-06,0.999999999538033,6.191608735421727e-11,5.901582654574447e-11
727,1429.9067974035397,0.0006947441142983735,727.0,0.0,long,4,4240,1410.9101007497559,1410.9309109298442,236.0,199.0,900.0,-2.406976521680165e-05,1.9576657851868447e-06,1.9089392547921934e-06,1.5925102365757202e-05,1.7515216453317586e-06,1.7087294900933029e-06,9.36633515876314e-06,1.4462666354334045e-06,1.4122608192748657e-06,0.999999999538033,6.191608735421727e-11,5.901582654574447e-11
728,1429.927630728482,0.0006949654780328274,728.0,0.0,long,4,4240,1410.9101007497559,1410.9309109298442,236.0,199.0,900.0,-2.406976521680165e-05,1.9576657851868447e-06,1.9089392547921934e-06,1.5925102365757202e-05,1.7515216453317586e-06,1.7087294900933029e-06,9.36633515876314e-06,1.4462666354334045e-06,1.4122608192748657e-06,0.999999999538033,6.191608735421727e-11,5.901582654574447e-11
729,1429.9484640534224,0.0006951866089366376,729.0,0.0,long,4,4240,1410.9101007497559,1410.9309109298442,236.0,199.0,900.0,-2.406976521680165e-05,1.9576657851868447e-06,1.9089392547921934e-06,1.5925102365757202e-05,1.7515216453317586e-06,1.7087294900933029e-06,9.36633515876314e-06,1.4462666354334045e-06,1.4122608192748657e-06,0.999999999538033,6.191608735421727e-11,5.901582654574447e-11
730,1429.969297378363,0.0006954075070098042,730.0,0.0,long,4,4240,1410.9101007497559,1410.9309109298442,236.0,199.0,900.0,-2.406976521680165e-05,1.9576657851868447e-06,1.9089392547921934e-06,1.5925102365757202e-05,1.7515216453317586e-06,1.7087294900933029e-06,9.36633515876314e-06,1.4462666354334045e-06,1.4122608192748657e-06,0.999999999538033,6.191608735421727e-11,5.901582654574447e-11
731,1429.990130703304,0.0006956281140446663,731.0,0.0,long,4,4240,1410.9101007497559,1410.9309109298442,236.0,199.0,900.0,-2.406976521680165e-05,1.9576657851868447e-06,1.9089392547921934e-06,1.5925102365757202e-05,1.7515216453317586e-06,1.7087294900933029e-06,9.36633515876314e-06,1.4462666354334045e-06,1.4122608192748657e-06,0.999999999538033,6.191608735421727e-11,5.901582654574447e-11
732,1430.0109640282458,0.0006958484882488847,732.0,0.0,long,4,4240,1410.9101007497559,1410.9309109298442,236.0,199.0,900.0,-2.406976521680165e-05,1.9576657851868447e-06,1.9089392547921934e-06,1.5925102365757202e-05,1.7515216453317586e-06,1.7087294900933029e-06,9.36633515876314e-06,1.4462666354334045e-06,1.4122608192748657e-06,0.999999999538033,6.191608735421727e-11,5.901582654574447e-11
733,1430.031797353187,0.0006960686296224594,733.0,0.0,long,4,4240,1410.9101007497559,1410.9309109298442,236.0,199.0,900.0,-2.406976521680165e-05,1.9576657851868447e-06,1.9089392547921934e-06,1.5925102365757202e-05,1.7515216453317586e-06,1.7087294900933029e-06,9.36633515876314e-06,1.4462666354334045e-06,1.4122608192748657e-06,0.999999999538033,6.191608735421727e-11,5.901582654574447e-11
734,1430.052630678128,0.0006962884799577296,734.0,0.0,long,4,4240,1410.9101007497559,1410.9309109298442,236.0,199.0,900.0,-2.406976521680165e-05,1.9576657851868447e-06,1.9089392547921934e-06,1.5925102365757202e-05,1.7515216453317586e-06,1.7087294900933029e-06,9.36633515876314e-06,1.4462666354334045e-06,1.4122608192748657e-06,0.999999999538033,6.191608735421727e-11,5.901582654574447e-11
735,1430.0734640030698,0.000696508155670017,735.0,0.0,long,4,4240,1410.9101007497559,1410.9309109298442,236.0,199.0,900.0,-2.406976521680165e-05,1.9576657851868447e-06,1.9089392547921934e-06,1.5925102365757202e-05,1.7515216453317586e-06,1.7087294900933029e-06,9.36633515876314e-06,1.4462666354334045e-06,1.4122608192748657e-06,0.999999999538033,6.191608735421727e-11,5.901582654574447e-11
736,1430.0942973280112,0.0006967275403439999,736.0,0.0,long,4,4240,1410.9101007497559,1410.9309109298442,236.0,199.0,900.0,-2.406976521680165e-05,1.9576657851868447e-06,1.9089392547921934e-06,1.5925102365757202e-05,1.7515216453317586e-06,1.7087294900933029e-06,9.36633515876314e-06,1.4462666354334045e-06,1.4122608192748657e-06,0.999999999538033,6.191608735421727e-11,5.901582654574447e-11
737,1430.1151306529518,0.0006969466339796782,737.0,0.0,long,4,4240,1410.9101007497559,1410.9309109298442,236.0,199.0,900.0,-2.406976521680165e-05,1.9576657851868447e-06,1.9089392547921934e-06,1.5925102365757202e-05,1.7515216453317586e-06,1.7087294900933029e-06,9.36633515876314e-06,1.4462666354334045e-06,1.4122608192748657e-06,0.999999999538033,6.191608735421727e-11,5.901582654574447e-11
738,1430.135963977893,0.0006971655529923737,738.0,0.0,long,4,4240,1410.9101007497559,1410.9309109298442,236.0,199.0,900.0,-2.406976521680165e-05,1.9576657851868447e-06,1.9089392547921934e-06,1.5925102365757202e-05,1.7515216453317586e-06,1.7087294900933029e-06,9.36633515876314e-06,1.4462666354334045e-06,1.4122608192748657e-06,0.999999999538033,6.191608735421727e-11,5.901582654574447e-11
739,1430.156797302834,0.0006973841809667647,739.0,0.0,long,4,4240,1410.9101007497559,1410.9309109298442,236.0,199.0,900.0,-2.406976521680165e-05,1.9576657851868447e-06,1.9089392547921934e-06,1.5925102365757202e-05,1.7515216453317586e-06,1.7087294900933029e-06,9.36633515876314e-06,1.4462666354334045e-06,1.4122608192748657e-06,0.999999999538033,6.191608735421727e-11,5.901582654574447e-11
740,1430.1776306277752,0.000697602576110512,740.0,0.0,long,4,4240,1410.9101007497559,1410.9309109298442,236.0,199.0,900.0,-2.406976521680165e-05,1.9576657851868447e-06,1.9089392547921934e-06,1.5925102365757202e-05,1.7515216453317586e-06,1.7087294900933029e-06,9.36633515876314e-06,1.4462666354334045e-06,1.4122608192748657e-06,0.999999999538033,6.191608735421727e-11,5.901582654574447e-11
741,1430.1984639527168,0.0006978206802159548,741.0,0.0,long,4,4240,1410.9101007497559,1410.9309109298442,236.0,199.0,900.0,-2.406976521680165e-05,1.9576657851868447e-06,1.9089392547921934e-06,1.5925102365757202e-05,1.7515216453317586e-06,1.7087294900933029e-06,9.36633515876314e-06,1.4462666354334045e-06,1.4122608192748657e-06,0.999999999538033,6.191608735421727e-11,5.901582654574447e-11
742,1430.2192972776584,0.0006980385514907539,742.0,0.0,long,4,4240,1410.9101007497559,1410.9309109298442,236.0,199.0,900.0,-2.406976521680165e-05,1.9576657851868447e-06,1.9089392547921934e-06,1.5925102365757202e-05,1.7515216453317586e-06,1.7087294900933029e-06,9.36633515876314e-06,1.4462666354334045e-06,1.4122608192748657e-06,0.999999999538033,6.191608735421727e-11,5.901582654574447e-11
743,1430.2401306026,0.0006982561899349093,743.0,0.0,long,4,4240,1410.9101007497559,1410.9309109298442,236.0,199.0,900.0,-2.406976521680165e-05,1.9576657851868447e-06,1.9089392547921934e-06,1.5925102365757202e-05,1.7515216453317586e-06,1.7087294900933029e-06,9.36633515876314e-06,1.4462666354334045e-06,1.4122608192748657e-06,0.999999999538033,6.191608735421727e-11,5.901582654574447e-11
744,1430.260963927541,0.0006984735955484211,744.0,0.0,long,4,4240,1410.9101007497559,1410.9309109298442,236.0,199.0,900.0,-2.406976521680165e-05,1.9576657851868447e-06,1.9089392547921934e-06,1.5925102365757202e-05,1.7515216453317586e-06,1.7087294900933029e-06,9.36633515876314e-06,1.4462666354334045e-06,1.4122608192748657e-06,0.999999999538033,6.191608735421727e-11,5.901582654574447e-11
745,1430.2817972524817,0.0006986907101236284,745.0,0.0,long,4,4240,1410.9101007497559,1410.9309109298442,236.0,199.0,900.0,-2.406976521680165e-05,1.9576657851868447e-06,1.9089392547921934e-06,1.5925102365757202e-05,1.7515216453317586e-06,1.7087294900933029e-06,9.36633515876314e-06,1.4462666354334045e-06,1.4122608192748657e-06,0.999999999538033,6.191608735421727e-11,5.901582654574447e-11
746,1430.3026305774242,0.000698907591868192,746.0,0.0,long,4,4240,1410.9101007497559,1410.9309109298442,236.0,199.0,900.0,-2.406976521680165e-05,1.9576657851868447e-06,1.9089392547921934e-06,1.5925102365757202e-05,1.7515216453317586e-06,1.7087294900933029e-06,9.36633515876314e-06,1.4462666354334045e-06,1.4122608192748657e-06,0.999999999538033,6.191608735421727e-11,5.901582654574447e-11
747,1430.323463902365,0.000699124182574451,747.0,0.0,long,4,4240,1410.9101007497559,1410.9309109298442,236.0,199.0,900.0,-2.406976521680165e-05,1.9576657851868447e-06,1.9089392547921934e-06,1.5925102365757202e-05,1.7515216453317586e-06,1.7087294900933029e-06,9.36633515876314e-06,1.4462666354334045e-06,1.4122608192748657e-06,0.999999999538033,6.191608735421727e-11,5.901582654574447e-11
748,1430.344297227305,0.0006993405404500663,748.0,0.0,long,4,4240,1410.9101007497559,1410.9309109298442,236.0,199.0,900.0,-2.406976521680165e-05,1.9576657851868447e-06,1.9089392547921934e-06,1.5925102365757202e-05,1.7515216453317586e-06,1.7087294900933029e-06,9.36633515876314e-06,1.4462666354334045e-06,1.4122608192748657e-06,0.999999999538033,6.191608735421727e-11,5.901582654574447e-11
749,1430.3651305522462,0.0006995830917730927,749.0,0.0,long,4,4240,1410.9101007497559,1410.9309109298442,236.0,199.0,900.0,-2.406976521680165e-05,1.9576657851868447e-06,1.9089392547921934e-06,1.5925102365757202e-05,1.7515216453317586e-06,1.7087294900933029e-06,9.36633515876314e-06,1.4462666354334045e-06,1.4122608192748657e-06,0.999999999538033,6.191608735421727e-11,5.901582654574447e-11
750,1430.385963877188,0.0006997989839874208,750.0,0.0,long,4,4240,1410.9101007497559,1410.9309109298442,236.0,199.0,900.0,-2.406976521680165e-05,1.9576657851868447e-06,1.9089392547921934e-06,1.5925102365757202e-05,1.7515216453317586e-06,1.7087294900933029e-06,9.36633515876314e-06,1.4462666354334045e-06,1.4122608192748657e-06,0.999999999538033,6.191608735421727e-11,5.901582654574447e-11
751,1430.4067972021294,0.0007000145851634443,751.0,0.0,long,4,4240,1410.9101007497559,1410.9309109298442,236.0,199.0,900.0,-2.406976521680165e-05,1.9576657851868447e-06,1.9089392547921934e-06,1.5925102365757202e-05,1.7515216453317586e-06,1.7087294900933029e-06,9.36633515876314e-06,1.4462666354334045e-06,1.4122608192748657e-06,0.999999999538033,6.191608735421727e-11,5.901582654574447e-11
752,1430.4276305270705,0.0007002298953011632,752.0,0.0,long,4,4240,1410.9101007497559,1410.9309109298442,236.0,199.0,900.0,-2.406976521680165e-05,1.9576657851868447e-06,1.9089392547921934e-06,1.5925102365757202e-05,1.7515216453317586e-06,1.7087294900933029e-06,9.36633515876314e-06,1.4462666354334045e-06,1.4122608192748657e-06,0.999999999538033,6.191608735421727e-11,5.901582654574447e-11
753,1430.448463852012,0.0007004450308158994,753.0,0.0,long,4,4240,1410.9101007497559,1410.9309109298442,236.0,199.0,900.0,-2.406976521680165e-05,1.9576657851868447e-06,1.9089392547921934e-06,1.5925102365757202e-05,1.7515216453317586e-06,1.7087294900933029e-06,9.36633515876314e-06,1.4462666354334045e-06,1.4122608192748657e-06,0.999999999538033,6.191608735421727e-11,5.901582654574447e-11
754,1430.4692971769537,0.000700659875292331,754.0,0.0,long,4,4240,1410.9101007497559,1410.9309109298442,236.0,199.0,900.0,-2.406976521680165e-05,1.9576657851868447e-06,1.9089392547921934e-06,1.5925102365757202e-05,1.7515216453317586e-06,1.7087294900933029e-06,9.36633515876314e-06,1.4462666354334045e-06,1.4122608192748657e-06,0.999999999538033,6.191608735421727e-11,5.901582654574447e-11
755,1430.4901305018948,0.000700874428730458,755.0,0.0,long,4,4240,1410.9101007497559,1410.9309109298442,236.0,199.0,900.0,-2.406976521680165e-05,1.9576657851868447e-06,1.9089392547921934e-06,1.5925102365757202e-05,1.7515216453317586e-06,1.7087294900933029e-06,9.36633515876314e-06,1.4462666354334045e-06,1.4122608192748657e-06,0.999999999538033,6.191608735421727e-11,5.901582654574447e-11
756,1430.5109638268357,0.0007010887493379414,756.0,0.0,long,4,4240,1410.9101007497559,1410.9309109298442,236.0,199.0,900.0,-2.406976521680165e-05,1.9576657851868447e-06,1.9089392547921934e-06,1.5925102365757202e-05,1.7515216453317586e-06,1.7087294900933029e-06,9.36633515876314e-06,1.4462666354334045e-06,1.4122608192748657e-06,0.999999999538033,6.191608735421727e-11,5.901582654574447e-11
757,1430.5317971517775,0.0007013028371147811,757.0,0.0,long,4,4240,1410.9101007497559,1410.9309109298442,236.0,199.0,900.0,-2.406976521680165e-05,1.9576657851868447e-06,1.9089392547921934e-06,1.5925102365757202e-05,1.7515216453317586e-06,1.7087294900933029e-06,9.36633515876314e-06,1.4462666354334045e-06,1.4122608192748657e-06,0.999999999538033,6.191608735421727e-11,5.901582654574447e-11
758,1430.5526304767182,0.0007015166338533163,758.0,0.0,long,4,4240,1410.9101007497559,1410.9309109298442,236.0,199.0,900.0,-2.406976521680165e-05,1.9576657851868447e-06,1.9089392547921934e-06,1.5925102365757202e-05,1.7515216453317586e-06,1.7087294900933029e-06,9.36633515876314e-06,1.4462666354334045e-06,1.4122608192748657e-06,0.999999999538033,6.191608735421727e-11,5.901582654574447e-11
759,1430.5734638016593,0.0007017301977612078,759.0,164.0,long,4,4240,1410.9101007497559,1410.9305637077077,236.0,199.0,885.0,-2.40721824459348e-05,1.9404103555035963e-06,1.8903417817688488e-06,1.59249560255859e-05,1.7330935265718995e-06,1.6890109310018669e-06,9.36582992700078e-06,1.4217438179049227e-06,1.3967311240661877e-06,0.999999999537856,6.129661772819955e-11,5.870390208332303e-11
760,1430.5942971266004,0.0007019434706307948,760.0,164.0,long,4,4240,1410.9097535276192,1410.9305637077077,236.0,199.0,900.0,-2.406976521680165e-05,1.938983450462765e-06,1.8897034438186116e-06,1.59110272707101e-05,1.7480653628729405e-06,1.705298636478215e-06,9.364309570688356e-06,1.415628323871583e-06,1.3909142592562165e-06,0.999999999538304,6.160700116159684e-11,5.907376994351516e-11
761,1430.6151304515424,0.0007021565106697381,761.0,0.0,long,4,4240,1410.9101007497559,1410.9309109298442,236.0,199.0,900.0,-2.406976521680165e-05,1.9576657851868447e-06,1.9089392547921934e-06,1.5925102365757202e-05,1.7515216453317586e-06,1.7087294900933029e-06,9.36633515876314e-06,1.4462666354334045e-06,1.4122608192748657e-06,0.999999999538033,6.191608735421727e-11,5.901582654574447e-11
762,1430.6359637764838,0.0007023692596703768,762.0,0.0,long,4,4240,1410.9101007497559,1410.9309109298442,236.0,199.0,900.0,-2.406976521680165e-05,1.9576657851868447e-06,1.9089392547921934e-06,1.5925102365757202e-05,1.7515216453317586e-06,1.7087294900933029e-06,9.36633515876314e-06,1.4462666354334045e-06,1.4122608192748657e-06,0.999999999538033,6.191608735421727e-11,5.901582654574447e-11
763,1430.6567971014247,0.0007025817758403718,763.0,0.0,long,4,4240,1410.9101007497559,1410.9309109298442,236.0,199.0,900.0,-2.406976521680165e-05,1.9576657851868447e-06,1.9089392547921934e-06,1.5925102365757202e-05,1.7515216453317586e-06,1.7087294900933029e-06,9.36633515876314e-06,1.4462666354334045e-06,1.4122608192748657e-06,0.999999999538033,6.191608735421727e-11,5.901582654574447e-11
764,1430.6776304263658,0.0007027940591797233,764.0,0.0,long,4,4240,1410.9101007497559,1410.9309109298442,236.0,199.0,900.0,-2.406976521680165e-05,1.9576657851868447e-06,1.9089392547921934e-06,1.5925102365757202e-05,1.7515216453317586e-06,1.7087294900933029e-06,9.36633515876314e-06,1.4462666354334045e-06,1.4122608192748657e-06,0.999999999538033,6.191608735421727e-11,5.901582654574447e-11
765,1430.6984637513074,0.0007030060514807701,765.0,0.0,long,4,4240,1410.9101007497559,1410.9309109298442,236.0,199.0,900.0,-2.406976521680165e-05,1.9576657851868447e-06,1.9089392547921934e-06,1.5925102365757202e-05,1.7515216453317586e-06,1.7087294900933029e-06,9.36633515876314e-06,1.4462666354334045e-06,1.4122608192748657e-06,0.999999999538033,6.191608735421727e-11,5.901582654574447e-11
766,1430.719297076249,0.0007032178109511733,766.0,0.0,long,4,4240,1410.9101007497559,1410.9309109298442,236.0,199.0,900.0,-2.406976521680165e-05,1.9576657851868447e-06,1.9089392547921934e-06,1.5925102365757202e-05,1.7515216453317586e-06,1.7087294900933029e-06,9.36633515876314e-06,1.4462666354334045e-06,1.4122608192748657e-06,0.999999999538033,6.191608735421727e-11,5.901582654574447e-11
767,1430.7401304011892,0.0007034292793832719,767.0,0.0,long,4,4240,1410.9101007497559,1410.9309109298442,236.0,199.0,900.0,-2.406976521680165e-05,1.9576657851868447e-06,1.9089392547921934e-06,1.5925102365757202e-05,1.7515216453317586e-06,1.7087294900933029e-06,9.36633515876314e-06,1.4462666354334045e-06,1.4122608192748657e-06,0.999999999538033,6.191608735421727e-11,5.901582654574447e-11
768,1430.7609637261303,0.000703640456777066,768.0,0.0,long,4,4240,1410.9101007497559,1410.9309109298442,236.0,199.0,900.0,-2.406976521680165e-05,1.9576657851868447e-06,1.9089392547921934e-06,1.5925102365757202e-05,1.7515216453317586e-06,1.7087294900933029e-06,9.36633515876314e-06,1.4462666354334045e-06,1.4122608192748657e-06,0.999999999538033,6.191608735421727e-11,5.901582654574447e-11
769,1430.781797051072,0.0007038514013402164,769.0,0.0,long,4,4240,1410.9101007497559,1410.9309109298442,236.0,199.0,900.0,-2.406976521680165e-05,1.9576657851868447e-06,1.9089392547921934e-06,1.5925102365757202e-05,1.7515216453317586e-06,1.7087294900933029e-06,9.36633515876314e-06,1.4462666354334045e-06,1.4122608192748657e-06,0.999999999538033,6.191608735421727e-11,5.901582654574447e-11
770,1430.802630376014,0.0007040621130727232,770.0,0.0,long,4,4240,1410.9101007497559,1410.9309109298442,236.0,199.0,900.0,-2.406976521680165e-05,1.9576657851868447e-06,1.9089392547921934e-06,1.5925102365757202e-05,1.7515216453317586e-06,1.7087294900933029e-06,9.36633515876314e-06,1.4462666354334045e-06,1.4122608192748657e-06,0.999999999538033,6.191608735421727e-11,5.901582654574447e-11
771,1430.8234637009546,0.0007042725337669253,771.0,0.0,long,4,4240,1410.9101007497559,1410.9309109298442,236.0,199.0,900.0,-2.406976521680165e-05,1.9576657851868447e-06,1.9089392547921934e-06,1.5925102365757202e-05,1.7515216453317586e-06,1.7087294900933029e-06,9.36633515876314e-06,1.4462666354334045e-06,1.4122608192748657e-06,0.999999999538033,6.191608735421727e-11,5.901582654574447e-11
772,1430.8442970258964,0.0007044827216304839,772.0,0.0,long,4,4240,1410.9101007497559,1410.9309109298442,236.0,199.0,900.0,-2.406976521680165e-05,1.9576657851868447e-06,1.9089392547921934e-06,1.5925102365757202e-05,1.7515216453317586e-06,1.7087294900933029e-06,9.36633515876314e-06,1.4462666354334045e-06,1.4122608192748657e-06,0.999999999538033,6.191608735421727e-11,5.901582654574447e-11
773,1430.8651303508377,0.0007046926184557378,773.0,0.0,long,4,4240,1410.9101007497559,1410.9309109298442,236.0,199.0,900.0,-2.406976521680165e-05,1.9576657851868447e-06,1.9089392547921934e-06,1.5925102365757202e-05,1.7515216453317586e-06,1.7087294900933029e-06,9.36633515876314e-06,1.4462666354334045e-06,1.4122608192748657e-06,0.999999999538033,6.191608735421727e-11,5.901582654574447e-11
774,1430.8859636757797,0.0007049022242426872,774.0,0.0,long,4,4240,1410.9101007497559,1410.9309109298442,236.0,199.0,900.0,-2.406976521680165e-05,1.9576657851868447e-06,1.9089392547921934e-06,1.5925102365757202e-05,1.7515216453317586e-06,1.7087294900933029e-06,9.36633515876314e-06,1.4462666354334045e-06,1.4122608192748657e-06,0.999999999538033,6.191608735421727e-11,5.901582654574447e-11
775,1430.9067970007213,0.000705111597198993,775.0,0.0,long,4,4240,1410.9101007497559,1410.9309109298442,236.0,199.0,900.0,-2.406976521680165e-05,1.9576657851868447e-06,1.9089392547921934e-06,1.5925102365757202e-05,1.7515216453317586e-06,1.7087294900933029e-06,9.36633515876314e-06,1.4462666354334045e-06,1.4122608192748657e-06,0.999999999538033,6.191608735421727e-11,5.901582654574447e-11
776,1430.9276303256615,0.0007053207373246551,776.0,0.0,long,4,4240,1410.9101007497559,1410.9309109298442,236.0,199.0,900.0,-2.406976521680165e-05,1.9576657851868447e-06,1.9089392547921934e-06,1.5925102365757202e-05,1.7515216453317586e-06,1.7087294900933029e-06,9.36633515876314e-06,1.4462666354334045e-06,1.4122608192748657e-06,0.999999999538033,6.191608735421727e-11,5.901582654574447e-11
777,1430.9484636506027,0.0007055295864120126,777.0,0.0,long,4,4240,1410.9101007497559,1410.9309109298442,236.0,199.0,900.0,-2.406976521680165e-05,1.9576657851868447e-06,1.9089392547921934e-06,1.5925102365757202e-05,1.7515216453317586e-06,1.7087294900933029e-06,9.36633515876314e-06,1.4462666354334045e-06,1.4122608192748657e-06,0.999999999538033,6.191608735421727e-11,5.901582654574447e-11
778,1430.9692969755436,0.0007057381444610655,778.0,0.0,long,4,4240,1410.9101007497559,1410.9309109298442,236.0,199.0,900.0,-2.406976521680165e-05,1.9576657851868447e-06,1.9089392547921934e-06,1.5925102365757202e-05,1.7515216453317586e-06,1.7087294900933029e-06,9.36633515876314e-06,1.4462666354334045e-06,1.4122608192748657e-06,0.999999999538033,6.191608735421727e-11,5.901582654574447e-11
779,1430.9901303004854,0.0007059464696794748,779.0,0.0,long,4,4240,1410.9101007497559,1410.9309109298442,236.0,199.0,900.0,-2.406976521680165e-05,1.9576657851868447e-06,1.9089392547921934e-06,1.5925102365757202e-05,1.7515216453317586e-06,1.7087294900933029e-06,9.36633515876314e-06,1.4462666354334045e-06,1.4122608192748657e-06,0.999999999538033,6.191608735421727e-11,5.901582654574447e-11
780,1431.0109636254265,0.0007061545038595796,780.0,0.0,long,4,4240,1410.9101007497559,1410.9309109298442,236.0,199.0,900.0,-2.406976521680165e-05,1.9576657851868447e-06,1.9089392547921934e-06,1.5925102365757202e-05,1.7515216453317586e-06,1.7087294900933029e-06,9.36633515876314e-06,1.4462666354334045e-06,1.4122608192748657e-06,0.999999999538033,6.191608735421727e-11,5.901582654574447e-11
781,1431.031796950368,0.0007063622470013797,781.0,0.0,long,4,4240,1410.9101007497559,1410.9309109298442,236.0,199.0,900.0,-2.406976521680165e-05,1.9576657851868447e-06,1.9089392547921934e-06,1.5925102365757202e-05,1.7515216453317586e-06,1.7087294900933029e-06,9.36633515876314e-06,1.4462666354334045e-06,1.4122608192748657e-06,0.999999999538033,6.191608735421727e-11,5.901582654574447e-11
782,1431.0526302753096,0.0007065697573125362,782.0,0.0,long,4,4240,1410.9101007497559,1410.9309109298442,236.0,199.0,900.0,-2.406976521680165e-05,1.9576657851868447e-06,1.9089392547921934e-06,1.5925102365757202e-05,1.7515216453317586e-06,1.7087294900933029e-06,9.36633515876314e-06,1.4462666354334045e-06,1.4122608192748657e-06,0.999999999538033,6.191608735421727e-11,5.901582654574447e-11
783,1431.0734636002512,0.0007067770347930491,783.0,0.0,long,4,4240,1410.9101007497559,1410.9309109298442,236.0,199.0,900.0,-2.406976521680165e-05,1.9576657851868447e-06,1.9089392547921934e-06,1.5925102365757202e-05,1.7515216453317586e-06,1.7087294900933029e-06,9.36633515876314e-06,1.4462666354334045e-06,1.4122608192748657e-06,0.999999999538033,6.191608735421727e-11,5.901582654574447e-11
784,1431.0942969251928,0.0007069840212352574,784.0,0.0,long,4,4240,1410.9101007497559,1410.9309109298442,236.0,199.0,900.0,-2.406976521680165e-05,1.9576657851868447e-06,1.9089392547921934e-06,1.5925102365757202e-05,1.7515216453317586e-06,1.7087294900933029e-06,9.36633515876314e-06,1.4462666354334045e-06,1.4122608192748657e-06,0.999999999538033,6.191608735421727e-11,5.901582654574447e-11
785,1431.1151302501335,0.0007071907166391611,785.0,0.0,long,4,4240,1410.9101007497559,1410.9309109298442,236.0,199.0,900.0,-2.406976521680165e-05,1.9576657851868447e-06,1.9089392547921934e-06,1.5925102365757202e-05,1.7515216453317586e-06,1.7087294900933029e-06,9.36633515876314e-06,1.4462666354334045e-06,1.4122608192748657e-06,0.999999999538033,6.191608735421727e-11,5.901582654574447e-11
786,1431.1359635750741,0.0007073971210047603,786.0,0.0,long,4,4240,1410.9101007497559,1410.9309109298442,236.0,199.0,900.0,-2.406976521680165e-05,1.9576657851868447e-06,1.9089392547921934e-06,1.5925102365757202e-05,1.7515216453317586e-06,1.7087294900933029e-06,9.36633515876314e-06,1.4462666354334045e-06,1.4122608192748657e-06,0.999999999538033,6.191608735421727e-11,5.901582654574447e-11
787,1431.1567969000155,0.0007076032925397158,787.0,0.0,long,4,4240,1410.9101007497559,1410.9309109298442,236.0,199.0,900.0,-2.406976521680165e-05,1.9576657851868447e-06,1.9089392547921934e-06,1.5925102365757202e-05,1.7515216453317586e-06,1.7087294900933029e-06,9.36633515876314e-06,1.4462666354334045e-06,1.4122608192748657e-06,0.999999999538033,6.191608735421727e-11,5.901582654574447e-11
788,1431.177630224958,0.0007078091730363667,788.0,0.0,long,4,4240,1410.9101007497559,1410.9309109298442,236.0,199.0,900.0,-2.406976521680165e-05,1.9576657851868447e-06,1.9089392547921934e-06,1.5925102365757202e-05,1.7515216453317586e-06,1.7087294900933029e-06,9.36633515876314e-06,1.4462666354334045e-06,1.4122608192748657e-06,0.999999999538033,6.191608735421727e-11,5.901582654574447e-11
789,1431.1984635498993,0.000708014820702374,789.0,0.0,long,4,4240,1410.9101007497559,1410.9309109298442,236.0,199.0,900.0,-2.406976521680165e-05,1.9576657851868447e-06,1.9089392547921934e-06,1.5925102365757202e-05,1.7515216453317586e-06,1.7087294900933029e-06,9.36633515876314e-06,1.4462666354334045e-06,1.4122608192748657e-06,0.999999999538033,6.191608735421727e-11,5.901582654574447e-11
790,1431.21929687484,0.0007082201773300767,790.0,0.0,long,4,4240,1410.9101007497559,1410.9309109298442,236.0,199.0,900.0,-2.406976521680165e-05,1.9576657851868447e-06,1.9089392547921934e-06,1.5925102365757202e-05,1.7515216453317586e-06,1.7087294900933029e-06,9.36633515876314e-06,1.4462666354334045e-06,1.4122608192748657e-06,0.999999999538033,6.191608735421727e-11,5.901582654574447e-11
791,1431.240130199781,0.0007084252429194748,791.0,0.0,long,4,4240,1410.9101007497559,1410.9309109298442,236.0,199.0,900.0,-2.406976521680165e-05,1.9576657851868447e-06,1.9089392547921934e-06,1.5925102365757202e-05,1.7515216453317586e-06,1.7087294900933029e-06,9.36633515876314e-06,1.4462666354334045e-06,1.4122608192748657e-06,0.999999999538033,6.191608735421727e-11,5.901582654574447e-11
792,1431.2609635247231,0.0007086300756782293,792.0,0.0,long,4,4240,1410.9101007497559,1410.9309109298442,236.0,199.0,900.0,-2.406976521680165e-05,1.9576657851868447e-06,1.9089392547921934e-06,1.5925102365757202e-05,1.7515216453317586e-06,1.7087294900933029e-06,9.36633515876314e-06,1.4462666354334045e-06,1.4122608192748657e-06,0.999999999538033,6.191608735421727e-11,5.901582654574447e-11
793,1431.2817968496647,0.0007088346173986793,793.0,0.0,long,4,4240,1410.9101007497559,1410.9309109298442,236.0,199.0,900.0,-2.406976521680165e-05,1.9576657851868447e-06,1.9089392547921934e-06,1.5925102365757202e-05,1.7515216453317586e-06,1.7087294900933029e-06,9.36633515876314e-06,1.4462666354334045e-06,1.4122608192748657e-06,0.999999999538033,6.191608735421727e-11,5.901582654574447e-11
794,1431.3026301746067,0.0007090388680808246,794.0,0.0,long,4,4240,1410.9101007497559,1410.9309109298442,236.0,199.0,900.0,-2.406976521680165e-05,1.9576657851868447e-06,1.9089392547921934e-06,1.5925102365757202e-05,1.7515216453317586e-06,1.7087294900933029e-06,9.36633515876314e-06,1.4462666354334045e-06,1.4122608192748657e-06,0.999999999538033,6.191608735421727e-11,5.901582654574447e-11
795,1431.3234634995467,0.0007092428277246654,795.0,0.0,long,4,4240,1410.9101007497559,1410.9309109298442,236.0,199.0,900.0,-2.406976521680165e-05,1.9576657851868447e-06,1.9089392547921934e-06,1.5925102365757202e-05,1.7515216453317586e-06,1.7087294900933029e-06,9.36633515876314e-06,1.4462666354334045e-06,1.4122608192748657e-06,0.999999999538033,6.191608735421727e-11,5.901582654574447e-11
796,1431.3442968244876,0.0007094465545378625,796.0,0.0,long,4,4240,1410.9101007497559,1410.9309109298442,236.0,199.0,900.0,-2.406976521680165e-05,1.9576657851868447e-06,1.9089392547921934e-06,1.5925102365757202e-05,1.7515216453317586e-06,1.7087294900933029e-06,9.36633515876314e-06,1.4462666354334045e-06,1.4122608192748657e-06,0.999999999538033,6.191608735421727e-11,5.901582654574447e-11
797,1431.3651301494292,0.0007096499903127551,797.0,0.0,long,4,4240,1410.9101007497559,1410.9309109298442,236.0,199.0,900.0,-2.406976521680165e-05,1.9576657851868447e-06,1.9089392547921934e-06,1.5925102365757202e-05,1.7515216453317586e-06,1.7087294900933029e-06,9.36633515876314e-06,1.4462666354334045e-06,1.4122608192748657e-06,0.999999999538033,6.191608735421727e-11,5.901582654574447e-11
798,1431.3859634743708,0.000709853193257004,798.0,0.0,long,4,4240,1410.9101007497559,1410.9309109298442,236.0,199.0,900.0,-2.406976521680165e-05,1.9576657851868447e-06,1.9089392547921934e-06,1.5925102365757202e-05,1.7515216453317586e-06,1.7087294900933029e-06,9.36633515876314e-06,1.4462666354334045e-06,1.4122608192748657e-06,0.999999999538033,6.191608735421727e-11,5.901582654574447e-11
799,1431.406796799313,0.0007100560469552875,799.0,0.0,long,4,4240,1410.9101007497559,1410.9309109298442,236.0,199.0,900.0,-2.406976521680165e-05,1.9576657851868447e-06,1.9089392547921934e-06,1.5925102365757202e-05,1.7515216453317586e-06,1.7087294900933029e-06,9.36633515876314e-06,1.4462666354334045e-06,1.4122608192748657e-06,0.999999999538033,6.191608735421727e-11,5.901582654574447e-11
800,1431.4276301242535,0.0007102586678229272,800.0,0.0,long,4,4240,1410.9101007497559,1410.9309109298442,236.0,199.0,900.0,-2.406976521680165e-05,1.9576657851868447e-06,1.9089392547921934e-06,1.5925102365757202e-05,1.7515216453317586e-06,1.7087294900933029e-06,9.36633515876314e-06,1.4462666354334045e-06,1.4122608192748657e-06,0.999999999538033,6.191608735421727e-11,5.901582654574447e-11
801,1431.4484634491955,0.0007104609976522624,801.0,0.0,long,4,4240,1410.9101007497559,1410.9309109298442,236.0,199.0,900.0,-2.406976521680165e-05,1.9576657851868447e-06,1.9089392547921934e-06,1.5925102365757202e-05,1.7515216453317586e-06,1.7087294900933029e-06,9.36633515876314e-06,1.4462666354334045e-06,1.4122608192748657e-06,0.999999999538033,6.191608735421727e-11,5.901582654574447e-11
802,1431.4692967741362,0.000710663094650954,802.0,0.0,long,4,4240,1410.9101007497559,1410.9309109298442,236.0,199.0,900.0,-2.406976521680165e-05,1.9576657851868447e-06,1.9089392547921934e-06,1.5925102365757202e-05,1.7515216453317586e-06,1.7087294900933029e-06,9.36633515876314e-06,1.4462666354334045e-06,1.4122608192748657e-06,0.999999999538033,6.191608735421727e-11,5.901582654574447e-11
803,1431.4901300990787,0.0007108648424036801,803.0,0.0,long,4,4240,1410.9101007497559,1410.9309109298442,236.0,199.0,900.0,-2.406976521680165e-05,1.9576657851868447e-06,1.9089392547921934e-06,1.5925102365757202e-05,1.7515216453317586e-06,1.7087294900933029e-06,9.36633515876314e-06,1.4462666354334045e-06,1.4122608192748657e-06,0.999999999538033,6.191608735421727e-11,5.901582654574447e-11
804,1431.5109634240198,0.0007110663573257625,804.0,0.0,long,4,4240,1410.9101007497559,1410.9309109298442,236.0,199.0,900.0,-2.406976521680165e-05,1.9576657851868447e-06,1.9089392547921934e-06,1.5925102365757202e-05,1.7515216453317586e-06,1.7087294900933029e-06,9.36633515876314e-06,1.4462666354334045e-06,1.4122608192748657e-06,0.999999999538033,6.191608735421727e-11,5.901582654574447e-11
805,1431.5317967489605,0.0007112675812095404,805.0,0.0,long,4,4240,1410.9101007497559,1410.9309109298442,236.0,199.0,900.0,-2.406976521680165e-05,1.9576657851868447e-06,1.9089392547921934e-06,1.5925102365757202e-05,1.7515216453317586e-06,1.7087294900933029e-06,9.36633515876314e-06,1.4462666354334045e-06,1.4122608192748657e-06,0.999999999538033,6.191608735421727e-11,5.901582654574447e-11
806,1431.5526300739011,0.0007114685140550137,806.0,0.0,long,4,4240,1410.9101007497559,1410.9309109298442,236.0,199.0,900.0,-2.406976521680165e-05,1.9576657851868447e-06,1.9089392547921934e-06,1.5925102365757202e-05,1.7515216453317586e-06,1.7087294900933029e-06,9.36633515876314e-06,1.4462666354334045e-06,1.4122608192748657e-06,0.999999999538033,6.191608735421727e-11,5.901582654574447e-11
807,1431.5734633988432,0.0007116691558621824,807.0,0.0,long,4,4240,1410.9101007497559,1410.9309109298442,236.0,199.0,900.0,-2.406976521680165e-05,1.9576657851868447e-06,1.9089392547921934e-06,1.5925102365757202e-05,1.7515216453317586e-06,1.7087294900933029e-06,9.36633515876314e-06,1.4462666354334045e-06,1.4122608192748657e-06,0.999999999538033,6.191608735421727e-11,5.901582654574447e-11
808,1431.5942967237847,0.0007118695648387074,808.0,0.0,long,4,4240,1410.9101007497559,1410.9309109298442,236.0,199.0,900.0,-2.406976521680165e-05,1.9576657851868447e-06,1.9089392547921934e-06,1.5925102365757202e-05,1.7515216453317586e-06,1.7087294900933029e-06,9.36633515876314e-06,1.4462666354334045e-06,1.4122608192748657e-06,0.999999999538033,6.191608735421727e-11,5.901582654574447e-11
809,1431.6151300487263,0.000712069682776928,809.0,0.0,long,4,4240,1410.9101007497559,1410.9309109298442,236.0,199.0,900.0,-2.406976521680165e-05,1.9576657851868447e-06,1.9089392547921934e-06,1.5925102365757202e-05,1.7515216453317586e-06,1.7087294900933029e-06,9.36633515876314e-06,1.4462666354334045e-06,1.4122608192748657e-06,0.999999999538033,6.191608735421727e-11,5.901582654574447e-11
810,1431.6359633736683,0.0007122695096768439,810.0,0.0,long,4,4240,1410.9101007497559,1410.9309109298442,236.0,199.0,900.0,-2.406976521680165e-05,1.9576657851868447e-06,1.9089392547921934e-06,1.5925102365757202e-05,1.7515216453317586e-06,1.7087294900933029e-06,9.36633515876314e-06,1.4462666354334045e-06,1.4122608192748657e-06,0.999999999538033,6.191608735421727e-11,5.901582654574447e-11
811,1431.656796698609,0.0007124690455384552,811.0,0.0,long,4,4240,1410.9101007497559,1410.9309109298442,236.0,199.0,900.0,-2.406976521680165e-05,1.9576657851868447e-06,1.9089392547921934e-06,1.5925102365757202e-05,1.7515216453317586e-06,1.7087294900933029e-06,9.36633515876314e-06,1.4462666354334045e-06,1.4122608192748657e-06,0.999999999538033,6.191608735421727e-11,5.901582654574447e-11
812,1431.6776300235506,0.000712668290361762,812.0,0.0,long,4,4240,1410.9101007497559,1410.9309109298442,236.0,199.0,900.0,-2.406976521680165e-05,1.9576657851868447e-06,1.9089392547921934e-06,1.5925102365757202e-05,1.7515216453317586e-06,1.7087294900933029e-06,9.36633515876314e-06,1.4462666354334045e-06,1.4122608192748657e-06,0.999999999538033,6.191608735421727e-11,5.901582654574447e-11
813,1431.6984633484913,0.0007128672441467643,813.0,0.0,long,4,4240,1410.9101007497559,1410.9309109298442,236.0,199.0,900.0,-2.406976521680165e-05,1.9576657851868447e-06,1.9089392547921934e-06,1.5925102365757202e-05,1.7515216453317586e-06,1.7087294900933029e-06,9.36633515876314e-06,1.4462666354334045e-06,1.4122608192748657e-06,0.999999999538033,6.191608735421727e-11,5.901582654574447e-11
814,1431.719296673432,0.0007130659068934619,814.0,0.0,long,4,4240,1410.9101007497559,1410.9309109298442,236.0,199.0,900.0,-2.406976521680165e-05,1.9576657851868447e-06,1.9089392547921934e-06,1.5925102365757202e-05,1.7515216453317586e-06,1.7087294900933029e-06,9.36633515876314e-06,1.4462666354334045e-06,1.4122608192748657e-06,0.999999999538033,6.191608735421727e-11,5.901582654574447e-11
815,1431.7401299983742,0.000713264336809516,815.0,0.0,long,4,4240,1410.9101007497559,1410.9309109298442,236.0,199.0,900.0,-2.406976521680165e-05,1.9576657851868447e-06,1.9089392547921934e-06,1.5925102365757202e-05,1.7515216453317586e-06,1.7087294900933029e-06,9.36633515876314e-06,1.4462666354334045e-06,1.4122608192748657e-06,0.999999999538033,6.191608735421727e-11,5.901582654574447e-11
816,1431.7609633233164,0.0007134624756872654,816.0,0.0,long,4,4240,1410.9101007497559,1410.9309109298442,236.0,199.0,900.0,-2.406976521680165e-05,1.9576657851868447e-06,1.9089392547921934e-06,1.5925102365757202e-05,1.7515216453317586e-06,1.7087294900933029e-06,9.36633515876314e-06,1.4462666354334045e-06,1.4122608192748657e-06,0.999999999538033,6.191608735421727e-11,5.901582654574447e-11
817,1431.7817966482571,0.0007136602653190494,817.0,0.0,long,4,4240,1410.9101007497559,1410.9309109298442,236.0,199.0,900.0,-2.406976521680165e-05,1.9576657851868447e-06,1.9089392547921934e-06,1.5925102365757202e-05,1.7515216453317586e-06,1.7087294900933029e-06,9.36633515876314e-06,1.4462666354334045e-06,1.4122608192748657e-06,0.999999999538033,6.191608735421727e-11,5.901582654574447e-11
818,1431.8026299731978,0.0007138578221201897,818.0,0.0,long,4,4240,1410.9101007497559,1410.9309109298442,236.0,199.0,900.0,-2.406976521680165e-05,1.9576657851868447e-06,1.9089392547921934e-06,1.5925102365757202e-05,1.7515216453317586e-06,1.7087294900933029e-06,9.36633515876314e-06,1.4462666354334045e-06,1.4122608192748657e-06,0.999999999538033,6.191608735421727e-11,5.901582654574447e-11
819,1431.8234632981403,0.0007140550878830254,819.0,0.0,long,4,4240,1410.9101007497559,1410.9309109298442,236.0,199.0,900.0,-2.406976521680165e-05,1.9576657851868447e-06,1.9089392547921934e-06,1.5925102365757202e-05,1.7515216453317586e-06,1.7087294900933029e-06,9.36633515876314e-06,1.4462666354334045e-06,1.4122608192748657e-06,0.999999999538033,6.191608735421727e-11,5.901582654574447e-11
820,1431.8442966230814,0.0007142520626075566,820.0,0.0,long,4,4240,1410.9101007497559,1410.9309109298442,236.0,199.0,900.0,-2.406976521680165e-05,1.9576657851868447e-06,1.9089392547921934e-06,1.5925102365757202e-05,1.7515216453317586e-06,1.7087294900933029e-06,9.36633515876314e-06,1.4462666354334045e-06,1.4122608192748657e-06,0.999999999538033,6.191608735421727e-11,5.901582654574447e-11
821,1431.8651299480239,0.0007144487462937832,821.0,0.0,long,4,4240,1410.9101007497559,1410.9309109298442,236.0,199.0,900.0,-2.406976521680165e-05,1.9576657851868447e-06,1.9089392547921934e-06,1.5925102365757202e-05,1.7515216453317586e-06,1.7087294900933029e-06,9.36633515876314e-06,1.4462666354334045e-06,1.4122608192748657e-06,0.999999999538033,6.191608735421727e-11,5.901582654574447e-11
822,1431.885963272965,0.0007146451389417052,822.0,0.0,long,4,4240,1410.9101007497559,1410.9309109298442,236.0,199.0,900.0,-2.406976521680165e-05,1.9576657851868447e-06,1.9089392547921934e-06,1.5925102365757202e-05,1.7515216453317586e-06,1.7087294900933029e-06,9.36633515876314e-06,1.4462666354334045e-06,1.4122608192748657e-06,0.999999999538033,6.191608735421727e-11,5.901582654574447e-11
823,1431.9067965979066,0.0007148412405513227,823.0,0.0,long,4,4240,1410.9101007497559,1410.9309109298442,236.0,199.0,900.0,-2.406976521680165e-05,1.9576657851868447e-06,1.9089392547921934e-06,1.5925102365757202e-05,1.7515216453317586e-06,1.7087294900933029e-06,9.36633515876314e-06,1.4462666354334045e-06,1.4122608192748657e-06,0.999999999538033,6.191608735421727e-11,5.901582654574447e-11
824,1431.9276299228468,0.0007150370511226356,824.0,0.0,long,4,4240,1410.9101007497559,1410.9309109298442,236.0,199.0,900.0,-2.406976521680165e-05,1.9576657851868447e-06,1.9089392547921934e-06,1.5925102365757202e-05,1.7515216453317586e-06,1.7087294900933029e-06,9.36633515876314e-06,1.4462666354334045e-06,1.4122608192748657e-06,0.999999999538033,6.191608735421727e-11,5.901582654574447e-11
825,1431.9484632477884,0.0007152325706556439,825.0,0.0,long,4,4240,1410.9101007497559,1410.9309109298442,236.0,199.0,900.0,-2.406976521680165e-05,1.9576657851868447e-06,1.9089392547921934e-06,1.5925102365757202e-05,1.7515216453317586e-06,1.7087294900933029e-06,9.36633515876314e-06,1.4462666354334045e-06,1.4122608192748657e-06,0.999999999538033,6.191608735421727e-11,5.901582654574447e-11
826,1431.96929657273,0.0007154277991503477,826.0,0.0,long,4,4240,1410.9101007497559,1410.9309109298442,236.0,199.0,900.0,-2.406976521680165e-05,1.9576657851868447e-06,1.9089392547921934e-06,1.5925102365757202e-05,1.7515216453317586e-06,1.7087294900933029e-06,9.36633515876314e-06,1.4462666354334045e-06,1.4122608192748657e-06,0.999999999538033,6.191608735421727e-11,5.901582654574447e-11
827,1431.9901298976715,0.0007156227366067469,827.0,0.0,long,4,4240,1410.9101007497559,1410.9309109298442,236.0,199.0,900.0,-2.406976521680165e-05,1.9576657851868447e-06,1.9089392547921934e-06,1.5925102365757202e-05,1.7515216453317586e-06,1.7087294900933029e-06,9.36633515876314e-06,1.4462666354334045e-06,1.4122608192748657e-06,0.999999999538033,6.191608735421727e-11,5.901582654574447e-11
828,1432.010963222613,0.0007158173830248415,828.0,0.0,long,4,4240,1410.9101007497559,1410.9309109298442,236.0,199.0,900.0,-2.406976521680165e-05,1.9576657851868447e-06,1.9089392547921934e-06,1.5925102365757202e-05,1.7515216453317586e-06,1.7087294900933029e-06,9.36633515876314e-06,1.4462666354334045e-06,1.4122608192748657e-06,0.999999999538033,6.191608735421727e-11,5.901582654574447e-11
829,1432.0317965475547,0.0007160116801969707,829.0,0.0,long,4,4240,1410.9101007497559,1410.9309109298442,236.0,199.0,900.0,-2.406976521680165e-05,1.9576657851868447e-06,1.9089392547921934e-06,1.5925102365757202e-05,1.7515216453317586e-06,1.7087294900933029e-06,9.36633515876314e-06,1.4462666354334045e-06,1.4122608192748657e-06,0.999999999538033,6.191608735421727e-11,5.901582654574447e-11
830,1432.0526298724958,0.0007162057445384562,830.0,0.0,long,4,4240,1410.9101007497559,1410.9309109298442,236.0,199.0,900.0,-2.406976521680165e-05,1.9576657851868447e-06,1.9089392547921934e-06,1.5925102365757202e-05,1.7515216453317586e-06,1.7087294900933029e-06,9.36633515876314e-06,1.4462666354334045e-06,1.4122608192748657e-06,0.999999999538033,6.191608735421727e-11,5.901582654574447e-11
831,1432.0734631974371,0.0007163995178416371,831.0,0.0,long,4,4240,1410.9101007497559,1410.9309109298442,236.0,199.0,900.0,-2.406976521680165e-05,1.9576657851868447e-06,1.9089392547921934e-06,1.5925102365757202e-05,1.7515216453317586e-06,1.7087294900933029e-06,9.36633515876314e-06,1.4462666354334045e-06,1.4122608192748657e-06,0.999999999538033,6.191608735421727e-11,5.901582654574447e-11
832,1432.0942965223785,0.0007165930001065135,832.0,0.0,long,4,4240,1410.9101007497559,1410.9309109298442,236.0,199.0,900.0,-2.406976521680165e-05,1.9576657851868447e-06,1.9089392547921934e-06,1.5925102365757202e-05,1.7515216453317586e-06,1.7087294900933029e-06,9.36633515876314e-06,1.4462666354334045e-06,1.4122608192748657e-06,0.999999999538033,6.191608735421727e-11,5.901582654574447e-11
833,1432.1151298473187,0.0007167861331254244,833.0,0.0,long,4,4240,1410.9101007497559,1410.9309109298442,236.0,199.0,900.0,-2.406976521680165e-05,1.9576657851868447e-06,1.9089392547921934e-06,1.5925102365757202e-05,1.7515216453317586e-06,1.7087294900933029e-06,9.36633515876314e-06,1.4462666354334045e-06,1.4122608192748657e-06,0.999999999538033,6.191608735421727e-11,5.901582654574447e-11
834,1432.1359631722607,0.0007169790333136916,834.0,0.0,long,4,4240,1410.9101007497559,1410.9309109298442,236.0,199.0,900.0,-2.406976521680165e-05,1.9576657851868447e-06,1.9089392547921934e-06,1.5925102365757202e-05,1.7515216453317586e-06,1.7087294900933029e-06,9.36633515876314e-06,1.4462666354334045e-06,1.4122608192748657e-06,0.999999999538033,6.191608735421727e-11,5.901582654574447e-11
835,1432.1567964972028,0.0007171715842559934,835.0,0.0,long,4,4240,1410.9101007497559,1410.9309109298442,236.0,199.0,900.0,-2.406976521680165e-05,1.9576657851868447e-06,1.9089392547921934e-06,1.5925102365757202e-05,1.7515216453317586e-06,1.7087294900933029e-06,9.36633515876314e-06,1.4462666354334045e-06,1.4122608192748657e-06,0.999999999538033,6.191608735421727e-11,5.901582654574447e-11
836,1432.1776298221448,0.0007173638441599905,836.0,0.0,long,4,4240,1410.9101007497559,1410.9309109298442,236.0,199.0,900.0,-2.406976521680165e-05,1.9576657851868447e-06,1.9089392547921934e-06,1.5925102365757202e-05,1.7515216453317586e-06,1.7087294900933029e-06,9.36633515876314e-06,1.4462666354334045e-06,1.4122608192748657e-06,0.999999999538033,6.191608735421727e-11,5.901582654574447e-11
837,1432.1984631470864,0.0007175558130256832,837.0,0.0,long,4,4240,1410.9101007497559,1410.9309109298442,236.0,199.0,900.0,-2.406976521680165e-05,1.9576657851868447e-06,1.9089392547921934e-06,1.5925102365757202e-05,1.7515216453317586e-06,1.7087294900933029e-06,9.36633515876314e-06,1.4462666354334045e-06,1.4122608192748657e-06,0.999999999538033,6.191608735421727e-11,5.901582654574447e-11
838,1432.2192964720275,0.0007177474908530712,838.0,0.0,long,4,4240,1410.9101007497559,1410.9309109298442,236.0,199.0,900.0,-2.406976521680165e-05,1.9576657851868447e-06,1.9089392547921934e-06,1.5925102365757202e-05,1.7515216453317586e-06,1.7087294900933029e-06,9.36633515876314e-06,1.4462666354334045e-06,1.4122608192748657e-06,0.999999999538033,6.191608735421727e-11,5.901582654574447e-11
839,1432.2401297969682,0.0007179388776421547,839.0,0.0,long,4,4240,1410.9101007497559,1410.9309109298442,236.0,199.0,900.0,-2.406976521680165e-05,1.9576657851868447e-06,1.9089392547921934e-06,1.5925102365757202e-05,1.7515216453317586e-06,1.7087294900933029e-06,9.36633515876314e-06,1.4462666354334045e-06,1.4122608192748657e-06,0.999999999538033,6.191608735421727e-11,5.901582654574447e-11
840,1432.2609631219107,0.0007181299733929336,840.0,0.0,long,4,4240,1410.9101007497559,1410.9309109298442,236.0,199.0,900.0,-2.406976521680165e-05,1.9576657851868447e-06,1.9089392547921934e-06,1.5925102365757202e-05,1.7515216453317586e-06,1.7087294900933029e-06,9.36633515876314e-06,1.4462666354334045e-06,1.4122608192748657e-06,0.999999999538033,6.191608735421727e-11,5.901582654574447e-11
841,1432.2817964468518,0.000718320719897747,841.0,0.0,long,4,4240,1410.9101007497559,1410.9309109298442,236.0,199.0,900.0,-2.406976521680165e-05,1.9576657851868447e-06,1.9089392547921934e-06,1.5925102365757202e-05,1.7515216453317586e-06,1.7087294900933029e-06,9.36633515876314e-06,1.4462666354334045e-06,1.4122608192748657e-06,0.999999999538033,6.191608735421727e-11,5.901582654574447e-11
842,1432.3026297717925,0.0007185111753642559,842.0,0.0,long,4,4240,1410.9101007497559,1410.9309109298442,236.0,199.0,900.0,-2.406976521680165e-05,1.9576657851868447e-06,1.9089392547921934e-06,1.5925102365757202e-05,1.7515216453317586e-06,1.7087294900933029e-06,9.36633515876314e-06,1.4462666354334045e-06,1.4122608192748657e-06,0.999999999538033,6.191608735421727e-11,5.901582654574447e-11
843,1432.323463096734,0.0007187013397924602,843.0,0.0,long,4,4240,1410.9101007497559,1410.9309109298442,236.0,199.0,900.0,-2.406976521680165e-05,1.9576657851868447e-06,1.9089392547921934e-06,1.5925102365757202e-05,1.7515216453317586e-06,1.7087294900933029e-06,9.36633515876314e-06,1.4462666354334045e-06,1.4122608192748657e-06,0.999999999538033,6.191608735421727e-11,5.901582654574447e-11
844,1432.3442964216758,0.0007188912131823599,844.0,0.0,long,4,4240,1410.9101007497559,1410.9309109298442,236.0,199.0,900.0,-2.406976521680165e-05,1.9576657851868447e-06,1.9089392547921934e-06,1.5925102365757202e-05,1.7515216453317586e-06,1.7087294900933029e-06,9.36633515876314e-06,1.4462666354334045e-06,1.4122608192748657e-06,0.999999999538033,6.191608735421727e-11,5.901582654574447e-11
845,1432.3651297466176,0.0007190807955339551,845.0,0.0,long,4,4240,1410.9101007497559,1410.9309109298442,236.0,199.0,900.0,-2.406976521680165e-05,1.9576657851868447e-06,1.9089392547921934e-06,1.5925102365757202e-05,1.7515216453317586e-06,1.7087294900933029e-06,9.36633515876314e-06,1.4462666354334045e-06,1.4122608192748657e-06,0.999999999538033,6.191608735421727e-11,5.901582654574447e-11
846,1432.3859630715588,0.0007192700286395848,846.0,0.0,long,4,4240,1410.9101007497559,1410.9309109298442,236.0,199.0,900.0,-2.406976521680165e-05,1.9576657851868447e-06,1.9089392547921934e-06,1.5925102365757202e-05,1.7515216453317586e-06,1.7087294900933029e-06,9.36633515876314e-06,1.4462666354334045e-06,1.4122608192748657e-06,0.999999999538033,6.191608735421727e-11,5.901582654574447e-11
847,1432.4067963965003,0.0007194589707069099,847.0,0.0,long,4,4240,1410.9101007497559,1410.9309109298442,236.0,199.0,900.0,-2.406976521680165e-05,1.9576657851868447e-06,1.9089392547921934e-06,1.5925102365757202e-05,1.7515216453317586e-06,1.7087294900933029e-06,9.36633515876314e-06,1.4462666354334045e-06,1.4122608192748657e-06,0.999999999538033,6.191608735421727e-11,5.901582654574447e-11
848,1432.4276297214415,0.0007196475635282695,848.0,0.0,long,4,4240,1410.9101007497559,1410.9309109298442,236.0,199.0,900.0,-2.406976521680165e-05,1.9576657851868447e-06,1.9089392547921934e-06,1.5925102365757202e-05,1.7515216453317586e-06,1.7087294900933029e-06,9.36633515876314e-06,1.4462666354334045e-06,1.4122608192748657e-06,0.999999999538033,6.191608735421727e-11,5.901582654574447e-11
849,1432.4484630463835,0.0007198359235189855,849.0,0.0,long,4,4240,1410.9101007497559,1410.9309109298442,236.0,199.0,900.0,-2.406976521680165e-05,1.9576657851868447e-06,1.9089392547921934e-06,1.5925102365757202e-05,1.7515216453317586e-06,1.7087294900933029e-06,9.36633515876314e-06,1.4462666354334045e-06,1.4122608192748657e-06,0.999999999538033,6.191608735421727e-11,5.901582654574447e-11
850,1432.4692963713258,0.000720023934263736,850.0,0.0,long,4,4240,1410.9101007497559,1410.9309109298442,236.0,199.0,900.0,-2.406976521680165e-05,1.9576657851868447e-06,1.9089392547921934e-06,1.5925102365757202e-05,1.7515216453317586e-06,1.7087294900933029e-06,9.36633515876314e-06,1.4462666354334045e-06,1.4122608192748657e-06,0.999999999538033,6.191608735421727e-11,5.901582654574447e-11
851,1432.4901296962666,0.0007202116539701819,851.0,0.0,long,4,4240,1410.9101007497559,1410.9309109298442,236.0,199.0,900.0,-2.406976521680165e-05,1.9576657851868447e-06,1.9089392547921934e-06,1.5925102365757202e-05,1.7515216453317586e-06,1.7087294900933029e-06,9.36633515876314e-06,1.4462666354334045e-06,1.4122608192748657e-06,0.999999999538033,6.191608735421727e-11,5.901582654574447e-11
852,1432.5109630212075,0.0007203990244306624,852.0,0.0,long,4,4240,1410.9101007497559,1410.9309109298442,236.0,199.0,900.0,-2.406976521680165e-05,1.9576657851868447e-06,1.9089392547921934e-06,1.5925102365757202e-05,1.7515216453317586e-06,1.7087294900933029e-06,9.36633515876314e-06,1.4462666354334045e-06,1.4122608192748657e-06,0.999999999538033,6.191608735421727e-11,5.901582654574447e-11
853,1432.5317963461491,0.0007205861038528383,853.0,0.0,long,4,4240,1410.9101007497559,1410.9309109298442,236.0,199.0,900.0,-2.406976521680165e-05,1.9576657851868447e-06,1.9089392547921934e-06,1.5925102365757202e-05,1.7515216453317586e-06,1.7087294900933029e-06,9.36633515876314e-06,1.4462666354334045e-06,1.4122608192748657e-06,0.999999999538033,6.191608735421727e-11,5.901582654574447e-11
854,1432.552629671091,0.0007207728922367096,854.0,0.0,long,4,4240,1410.9101007497559,1410.9309109298442,236.0,199.0,900.0,-2.406976521680165e-05,1.9576657851868447e-06,1.9089392547921934e-06,1.5925102365757202e-05,1.7515216453317586e-06,1.7087294900933029e-06,9.36633515876314e-06,1.4462666354334045e-06,1.4122608192748657e-06,0.999999999538033,6.191608735421727e-11,5.901582654574447e-11
855,1432.573462996032,0.0007209593313746154,855.0,0.0,long,4,4240,1410.9101007497559,1410.9309109298442,236.0,199.0,900.0,-2.406976521680165e-05,1.9576657851868447e-06,1.9089392547921934e-06,1.5925102365757202e-05,1.7515216453317586e-06,1.7087294900933029e-06,9.36633515876314e-06,1.4462666354334045e-06,1.4122608192748657e-06,0.999999999538033,6.191608735421727e-11,5.901582654574447e-11
856,1432.5942963209736,0.0007211454794742167,856.0,0.0,long,4,4240,1410.9101007497559,1410.9309109298442,236.0,199.0,900.0,-2.406976521680165e-05,1.9576657851868447e-06,1.9089392547921934e-06,1.5925102365757202e-05,1.7515216453317586e-06,1.7087294900933029e-06,9.36633515876314e-06,1.4462666354334045e-06,1.4122608192748657e-06,0.999999999538033,6.191608735421727e-11,5.901582654574447e-11
857,1432.6151296459147,0.0007213312783278525,857.0,0.0,long,4,4240,1410.9101007497559,1410.9309109298442,236.0,199.0,900.0,-2.406976521680165e-05,1.9576657851868447e-06,1.9089392547921934e-06,1.5925102365757202e-05,1.7515216453317586e-06,1.7087294900933029e-06,9.36633515876314e-06,1.4462666354334045e-06,1.4122608192748657e-06,0.999999999538033,6.191608735421727e-11,5.901582654574447e-11
858,1432.6359629708568,0.0007215167861431837,858.0,0.0,long,4,4240,1410.9101007497559,1410.9309109298442,236.0,199.0,900.0,-2.406976521680165e-05,1.9576657851868447e-06,1.9089392547921934e-06,1.5925102365757202e-05,1.7515216453317586e-06,1.7087294900933029e-06,9.36633515876314e-06,1.4462666354334045e-06,1.4122608192748657e-06,0.999999999538033,6.191608735421727e-11,5.901582654574447e-11
859,1432.656796295798,0.0007217020029202104,859.0,0.0,long,4,4240,1410.9101007497559,1410.9309109298442,236.0,199.0,900.0,-2.406976521680165e-05,1.9576657851868447e-06,1.9089392547921934e-06,1.5925102365757202e-05,1.7515216453317586e-06,1.7087294900933029e-06,9.36633515876314e-06,1.4462666354334045e-06,1.4122608192748657e-06,0.999999999538033,6.191608735421727e-11,5.901582654574447e-11
860,1432.6776296207395,0.0007218868704512715,860.0,0.0,long,4,4240,1410.9101007497559,1410.9309109298442,236.0,199.0,900.0,-2.406976521680165e-05,1.9576657851868447e-06,1.9089392547921934e-06,1.5925102365757202e-05,1.7515216453317586e-06,1.7087294900933029e-06,9.36633515876314e-06,1.4462666354334045e-06,1.4122608192748657e-06,0.999999999538033,6.191608735421727e-11,5.901582654574447e-11
861,1432.698462945681,0.0007220714469440281,861.0,0.0,long,4,4240,1410.9101007497559,1410.9309109298442,236.0,199.0,900.0,-2.406976521680165e-05,1.9576657851868447e-06,1.9089392547921934e-06,1.5925102365757202e-05,1.7515216453317586e-06,1.7087294900933029e-06,9.36633515876314e-06,1.4462666354334045e-06,1.4122608192748657e-06,0.999999999538033,6.191608735421727e-11,5.901582654574447e-11
862,1432.7192962706226,0.0007222556741908193,862.0,0.0,long,4,4240,1410.9101007497559,1410.9309109298442,236.0,199.0,900.0,-2.406976521680165e-05,1.9576657851868447e-06,1.9089392547921934e-06,1.5925102365757202e-05,1.7515216453317586e-06,1.7087294900933029e-06,9.36633515876314e-06,1.4462666354334045e-06,1.4122608192748657e-06,0.999999999538033,6.191608735421727e-11,5.901582654574447e-11
863,1432.7401295955647,0.0007224396103993058,863.0,0.0,long,4,4240,1410.9101007497559,1410.9309109298442,236.0,199.0,900.0,-2.406976521680165e-05,1.9576657851868447e-06,1.9089392547921934e-06,1.5925102365757202e-05,1.7515216453317586e-06,1.7087294900933029e-06,9.36633515876314e-06,1.4462666354334045e-06,1.4122608192748657e-06,0.999999999538033,6.191608735421727e-11,5.901582654574447e-11
864,1432.7609629205058,0.0007226231973618269,864.0,0.0,long,4,4240,1410.9101007497559,1410.9309109298442,236.0,199.0,900.0,-2.406976521680165e-05,1.9576657851868447e-06,1.9089392547921934e-06,1.5925102365757202e-05,1.7515216453317586e-06,1.7087294900933029e-06,9.36633515876314e-06,1.4462666354334045e-06,1.4122608192748657e-06,0.999999999538033,6.191608735421727e-11,5.901582654574447e-11
865,1432.781796245447,0.0007228064350783825,865.0,0.0,long,4,4240,1410.9101007497559,1410.9309109298442,236.0,199.0,900.0,-2.406976521680165e-05,1.9576657851868447e-06,1.9089392547921934e-06,1.5925102365757202e-05,1.7515216453317586e-06,1.7087294900933029e-06,9.36633515876314e-06,1.4462666354334045e-06,1.4122608192748657e-06,0.999999999538033,6.191608735421727e-11,5.901582654574447e-11
866,1432.8026295703883,0.0007229893817566335,866.0,0.0,long,4,4240,1410.9101007497559,1410.9309109298442,236.0,199.0,900.0,-2.406976521680165e-05,1.9576657851868447e-06,1.9089392547921934e-06,1.5925102365757202e-05,1.7515216453317586e-06,1.7087294900933029e-06,9.36633515876314e-06,1.4462666354334045e-06,1.4122608192748657e-06,0.999999999538033,6.191608735421727e-11,5.901582654574447e-11
867,1432.8234628953296,0.00072317203739658,867.0,0.0,long,4,4240,1410.9101007497559,1410.9309109298442,236.0,199.0,900.0,-2.406976521680165e-05,1.9576657851868447e-06,1.9089392547921934e-06,1.5925102365757202e-05,1.7515216453317586e-06,1.7087294900933029e-06,9.36633515876314e-06,1.4462666354334045e-06,1.4122608192748657e-06,0.999999999538033,6.191608735421727e-11,5.901582654574447e-11
868,1432.8442962202716,0.000723354343790561,868.0,0.0,long,4,4240,1410.9101007497559,1410.9309109298442,236.0,199.0,900.0,-2.406976521680165e-05,1.9576657851868447e-06,1.9089392547921934e-06,1.5925102365757202e-05,1.7515216453317586e-06,1.7087294900933029e-06,9.36633515876314e-06,1.4462666354334045e-06,1.4122608192748657e-06,0.999999999538033,6.191608735421727e-11,5.901582654574447e-11
869,1432.8651295452128,0.0007235363009385765,869.0,0.0,long,4,4240,1410.9101007497559,1410.9309109298442,236.0,199.0,900.0,-2.406976521680165e-05,1.9576657851868447e-06,1.9089392547921934e-06,1.5925102365757202e-05,1.7515216453317586e-06,1.7087294900933029e-06,9.36633515876314e-06,1.4462666354334045e-06,1.4122608192748657e-06,0.999999999538033,6.191608735421727e-11,5.901582654574447e-11
870,1432.885962870154,0.0007237179670482874,870.0,0.0,long,4,4240,1410.9101007497559,1410.9309109298442,236.0,199.0,900.0,-2.406976521680165e-05,1.9576657851868447e-06,1.9089392547921934e-06,1.5925102365757202e-05,1.7515216453317586e-06,1.7087294900933029e-06,9.36633515876314e-06,1.4462666354334045e-06,1.4122608192748657e-06,0.999999999538033,6.191608735421727e-11,5.901582654574447e-11
871,1432.9067961950955,0.0007238992839120328,871.0,0.0,long,4,4240,1410.9101007497559,1410.9309109298442,236.0,199.0,900.0,-2.406976521680165e-05,1.9576657851868447e-06,1.9089392547921934e-06,1.5925102365757202e-05,1.7515216453317586e-06,1.7087294900933029e-06,9.36633515876314e-06,1.4462666354334045e-06,1.4122608192748657e-06,0.999999999538033,6.191608735421727e-11,5.901582654574447e-11
872,1432.9276295200375,0.0007240802515298128,872.0,0.0,long,4,4240,1410.9101007497559,1410.9309109298442,236.0,199.0,900.0,-2.406976521680165e-05,1.9576657851868447e-06,1.9089392547921934e-06,1.5925102365757202e-05,1.7515216453317586e-06,1.7087294900933029e-06,9.36633515876314e-06,1.4462666354334045e-06,1.4122608192748657e-06,0.999999999538033,6.191608735421727e-11,5.901582654574447e-11
873,1432.948462844979,0.0007242609281092882,873.0,0.0,long,4,4240,1410.9101007497559,1410.9309109298442,236.0,199.0,900.0,-2.406976521680165e-05,1.9576657851868447e-06,1.9089392547921934e-06,1.5925102365757202e-05,1.7515216453317586e-06,1.7087294900933029e-06,9.36633515876314e-06,1.4462666354334045e-06,1.4122608192748657e-06,0.999999999538033,6.191608735421727e-11,5.901582654574447e-11
874,1432.9692961699207,0.0007244412554427981,874.0,0.0,long,4,4240,1410.9101007497559,1410.9309109298442,236.0,199.0,900.0,-2.406976521680165e-05,1.9576657851868447e-06,1.9089392547921934e-06,1.5925102365757202e-05,1.7515216453317586e-06,1.7087294900933029e-06,9.36633515876314e-06,1.4462666354334045e-06,1.4122608192748657e-06,0.999999999538033,6.191608735421727e-11,5.901582654574447e-11
875,1432.9901294948625,0.0007246212335303426,875.0,0.0,long,4,4240,1410.9101007497559,1410.9309109298442,236.0,199.0,900.0,-2.406976521680165e-05,1.9576657851868447e-06,1.9089392547921934e-06,1.5925102365757202e-05,1.7515216453317586e-06,1.7087294900933029e-06,9.36633515876314e-06,1.4462666354334045e-06,1.4122608192748657e-06,0.999999999538033,6.191608735421727e-11,5.901582654574447e-11
876,1433.0109628198043,0.0007248009205795825,876.0,0.0,long,4,4240,1410.9101007497559,1410.9309109298442,236.0,199.0,900.0,-2.406976521680165e-05,1.9576657851868447e-06,1.9089392547921934e-06,1.5925102365757202e-05,1.7515216453317586e-06,1.7087294900933029e-06,9.36633515876314e-06,1.4462666354334045e-06,1.4122608192748657e-06,0.999999999538033,6.191608735421727e-11,5.901582654574447e-11
877,1433.0317961447454,0.0007249802001751959,877.0,0.0,long,4,4240,1410.9101007497559,1410.9309109298442,236.0,199.0,900.0,-2.406976521680165e-05,1.9576657851868447e-06,1.9089392547921934e-06,1.5925102365757202e-05,1.7515216453317586e-06,1.7087294900933029e-06,9.36633515876314e-06,1.4462666354334045e-06,1.4122608192748657e-06,0.999999999538033,6.191608735421727e-11,5.901582654574447e-11
878,1433.0526294696863,0.0007251591887325048,878.0,0.0,long,4,4240,1410.9101007497559,1410.9309109298442,236.0,199.0,900.0,-2.406976521680165e-05,1.9576657851868447e-06,1.9089392547921934e-06,1.5925102365757202e-05,1.7515216453317586e-06,1.7087294900933029e-06,9.36633515876314e-06,1.4462666354334045e-06,1.4122608192748657e-06,0.999999999538033,6.191608735421727e-11,5.901582654574447e-11
879,1433.0734627946276,0.0007253378862515092,879.0,0.0,long,4,4240,1410.9101007497559,1410.9309109298442,236.0,199.0,900.0,-2.406976521680165e-05,1.9576657851868447e-06,1.9089392547921934e-06,1.5925102365757202e-05,1.7515216453317586e-06,1.7087294900933029e-06,9.36633515876314e-06,1.4462666354334045e-06,1.4122608192748657e-06,0.999999999538033,6.191608735421727e-11,5.901582654574447e-11
880,1433.0942961195688,0.0007255161763168871,880.0,0.0,long,4,4240,1410.9101007497559,1410.9309109298442,236.0,199.0,900.0,-2.406976521680165e-05,1.9576657851868447e-06,1.9089392547921934e-06,1.5925102365757202e-05,1.7515216453317586e-06,1.7087294900933029e-06,9.36633515876314e-06,1.4462666354334045e-06,1.4122608192748657e-06,0.999999999538033,6.191608735421727e-11,5.901582654574447e-11
881,1433.1151294445108,0.0007256941753439605,881.0,0.0,long,4,4240,1410.9101007497559,1410.9309109298442,236.0,199.0,900.0,-2.406976521680165e-05,1.9576657851868447e-06,1.9089392547921934e-06,1.5925102365757202e-05,1.7515216453317586e-06,1.7087294900933029e-06,9.36633515876314e-06,1.4462666354334045e-06,1.4122608192748657e-06,0.999999999538033,6.191608735421727e-11,5.901582654574447e-11
882,1433.1359627694524,0.0007258718251250684,882.0,0.0,long,4,4240,1410.9101007497559,1410.9309109298442,236.0,199.0,900.0,-2.406976521680165e-05,1.9576657851868447e-06,1.9089392547921934e-06,1.5925102365757202e-05,1.7515216453317586e-06,1.7087294900933029e-06,9.36633515876314e-06,1.4462666354334045e-06,1.4122608192748657e-06,0.999999999538033,6.191608735421727e-11,5.901582654574447e-11
883,1433.1567960943944,0.0007260491256602108,883.0,0.0,long,4,4240,1410.9101007497559,1410.9309109298442,236.0,199.0,900.0,-2.406976521680165e-05,1.9576657851868447e-06,1.9089392547921934e-06,1.5925102365757202e-05,1.7515216453317586e-06,1.7087294900933029e-06,9.36633515876314e-06,1.4462666354334045e-06,1.4122608192748657e-06,0.999999999538033,6.191608735421727e-11,5.901582654574447e-11
884,1433.177629419336,0.0007262260769493878,884.0,0.0,long,4,4240,1410.9101007497559,1410.9309109298442,236.0,199.0,900.0,-2.406976521680165e-05,1.9576657851868447e-06,1.9089392547921934e-06,1.5925102365757202e-05,1.7515216453317586e-06,1.7087294900933029e-06,9.36633515876314e-06,1.4462666354334045e-06,1.4122608192748657e-06,0.999999999538033,6.191608735421727e-11,5.901582654574447e-11
885,1433.198462744278,0.0007264026789925992,885.0,0.0,long,4,4240,1410.9101007497559,1410.9309109298442,236.0,199.0,900.0,-2.406976521680165e-05,1.9576657851868447e-06,1.9089392547921934e-06,1.5925102365757202e-05,1.7515216453317586e-06,1.7087294900933029e-06,9.36633515876314e-06,1.4462666354334045e-06,1.4122608192748657e-06,0.999999999538033,6.191608735421727e-11,5.901582654574447e-11
886,1433.2192960692191,0.0007265789317898452,886.0,0.0,long,4,4240,1410.9101007497559,1410.9309109298442,236.0,199.0,900.0,-2.406976521680165e-05,1.9576657851868447e-06,1.9089392547921934e-06,1.5925102365757202e-05,1.7515216453317586e-06,1.7087294900933029e-06,9.36633515876314e-06,1.4462666354334045e-06,1.4122608192748657e-06,0.999999999538033,6.191608735421727e-11,5.901582654574447e-11
887,1433.2401293941612,0.0007267548353411257,887.0,0.0,long,4,4240,1410.9101007497559,1410.9309109298442,236.0,199.0,900.0,-2.406976521680165e-05,1.9576657851868447e-06,1.9089392547921934e-06,1.5925102365757202e-05,1.7515216453317586e-06,1.7087294900933029e-06,9.36633515876314e-06,1.4462666354334045e-06,1.4122608192748657e-06,0.999999999538033,6.191608735421727e-11,5.901582654574447e-11
888,1433.2609627191027,0.0007269304478541017,888.0,0.0,long,4,4240,1410.9101007497559,1410.9309109298442,236.0,199.0,900.0,-2.406976521680165e-05,1.9576657851868447e-06,1.9089392547921934e-06,1.5925102365757202e-05,1.7515216453317586e-06,1.7087294900933029e-06,9.36633515876314e-06,1.4462666354334045e-06,1.4122608192748657e-06,0.999999999538033,6.191608735421727e-11,5.901582654574447e-11
889,1433.281796044043,0.0007271056529134512,889.0,0.0,long,4,4240,1410.9101007497559,1410.9309109298442,236.0,199.0,900.0,-2.406976521680165e-05,1.9576657851868447e-06,1.9089392547921934e-06,1.5925102365757202e-05,1.7515216453317586e-06,1.7087294900933029e-06,9.36633515876314e-06,1.4462666354334045e-06,1.4122608192748657e-06,0.999999999538033,6.191608735421727e-11,5.901582654574447e-11
890,1433.3026293689854,0.0007272805087268353,890.0,0.0,long,4,4240,1410.9101007497559,1410.9309109298442,236.0,199.0,900.0,-2.406976521680165e-05,1.9576657851868447e-06,1.9089392547921934e-06,1.5925102365757202e-05,1.7515216453317586e-06,1.7087294900933029e-06,9.36633515876314e-06,1.4462666354334045e-06,1.4122608192748657e-06,0.999999999538033,6.191608735421727e-11,5.901582654574447e-11
891,1433.3234626939266,0.0007274550735019147,891.0,0.0,long,4,4240,1410.9101007497559,1410.9309109298442,236.0,199.0,900.0,-2.406976521680165e-05,1.9576657851868447e-06,1.9089392547921934e-06,1.5925102365757202e-05,1.7515216453317586e-06,1.7087294900933029e-06,9.36633515876314e-06,1.4462666354334045e-06,1.4122608192748657e-06,0.999999999538033,6.191608735421727e-11,5.901582654574447e-11
892,1433.3442960188686,0.0007276292308233678,892.0,0.0,long,4,4240,1410.9101007497559,1410.9309109298442,236.0,199.0,900.0,-2.406976521680165e-05,1.9576657851868447e-06,1.9089392547921934e-06,1.5925102365757202e-05,1.7515216453317586e-06,1.7087294900933029e-06,9.36633515876314e-06,1.4462666354334045e-06,1.4122608192748657e-06,0.999999999538033,6.191608735421727e-11,5.901582654574447e-11
893,1433.3651293438102,0.0007278030388988554,893.0,0.0,long,4,4240,1410.9101007497559,1410.9309109298442,236.0,199.0,900.0,-2.406976521680165e-05,1.9576657851868447e-06,1.9089392547921934e-06,1.5925102365757202e-05,1.7515216453317586e-06,1.7087294900933029e-06,9.36633515876314e-06,1.4462666354334045e-06,1.4122608192748657e-06,0.999999999538033,6.191608735421727e-11,5.901582654574447e-11
894,1433.3859626687522,0.0007279764977283776,894.0,0.0,long,4,4240,1410.9101007497559,1410.9309109298442,236.0,199.0,900.0,-2.406976521680165e-05,1.9576657851868447e-06,1.9089392547921934e-06,1.5925102365757202e-05,1.7515216453317586e-06,1.7087294900933029e-06,9.36633515876314e-06,1.4462666354334045e-06,1.4122608192748657e-06,0.999999999538033,6.191608735421727e-11,5.901582654574447e-11
895,1433.4067959936933,0.0007281496073119342,895.0,0.0,long,4,4240,1410.9101007497559,1410.9309109298442,236.0,199.0,900.0,-2.406976521680165e-05,1.9576657851868447e-06,1.9089392547921934e-06,1.5925102365757202e-05,1.7515216453317586e-06,1.7087294900933029e-06,9.36633515876314e-06,1.4462666354334045e-06,1.4122608192748657e-06,0.999999999538033,6.191608735421727e-11,5.901582654574447e-11
896,1433.4276293186344,0.0007283223676495254,896.0,0.0,long,4,4240,1410.9101007497559,1410.9309109298442,236.0,199.0,900.0,-2.406976521680165e-05,1.9576657851868447e-06,1.9089392547921934e-06,1.5925102365757202e-05,1.7515216453317586e-06,1.7087294900933029e-06,9.36633515876314e-06,1.4462666354334045e-06,1.4122608192748657e-06,0.999999999538033,6.191608735421727e-11,5.901582654574447e-11
897,1433.4484626435756,0.0007284947787411511,897.0,0.0,long,4,4240,1410.9101007497559,1410.9309109298442,236.0,199.0,900.0,-2.406976521680165e-05,1.9576657851868447e-06,1.9089392547921934e-06,1.5925102365757202e-05,1.7515216453317586e-06,1.7087294900933029e-06,9.36633515876314e-06,1.4462666354334045e-06,1.4122608192748657e-06,0.999999999538033,6.191608735421727e-11,5.901582654574447e-11
898,1433.4692959685167,0.0007286667823791504,898.0,0.0,long,4,4240,1410.9101007497559,1410.9309109298442,236.0,199.0,900.0,-2.406976521680165e-05,1.9576657851868447e-06,1.9089392547921934e-06,1.5925102365757202e-05,1.7515216453317586e-06,1.7087294900933029e-06,9.36633515876314e-06,1.4462666354334045e-06,1.4122608192748657e-06,0.999999999538033,6.191608735421727e-11,5.901582654574447e-11
899,1433.490129293458,0.0007288384949788451,899.0,0.0,long,4,4240,1410.9101007497559,1410.9309109298442,236.0,199.0,900.0,-2.406976521680165e-05,1.9576657851868447e-06,1.9089392547921934e-06,1.5925102365757202e-05,1.7515216453317586e-06,1.7087294900933029e-06,9.36633515876314e-06,1.4462666354334045e-06,1.4122608192748657e-06,0.999999999538033,6.191608735421727e-11,5.901582654574447e-11
900,1433.5109626183998,0.0007290098001249135,900.0,0.0,long,4,4240,1410.9101007497559,1410.9309109298442,236.0,199.0,900.0,-2.406976521680165e-05,1.9576657851868447e-06,1.9089392547921934e-06,1.5925102365757202e-05,1.7515216453317586e-06,1.7087294900933029e-06,9.36633515876314e-06,1.4462666354334045e-06,1.4122608192748657e-06,0.999999999538033,6.191608735421727e-11,5.901582654574447e-11
901,1433.5317959433419,0.0007291807560250163,901.0,0.0,long,4,4240,1410.9101007497559,1410.9309109298442,236.0,199.0,900.0,-2.406976521680165e-05,1.9576657851868447e-06,1.9089392547921934e-06,1.5925102365757202e-05,1.7515216453317586e-06,1.7087294900933029e-06,9.36633515876314e-06,1.4462666354334045e-06,1.4122608192748657e-06,0.999999999538033,6.191608735421727e-11,5.901582654574447e-11
902,1433.5526292682835,0.0007293513044714928,902.0,0.0,long,4,4240,1410.9101007497559,1410.9309109298442,236.0,199.0,900.0,-2.406976521680165e-05,1.9576657851868447e-06,1.9089392547921934e-06,1.5925102365757202e-05,1.7515216453317586e-06,1.7087294900933029e-06,9.36633515876314e-06,1.4462666354334045e-06,1.4122608192748657e-06,0.999999999538033,6.191608735421727e-11,5.901582654574447e-11
903,1433.573462593225,0.0007295215618796647,903.0,164.0,long,4,4240,1410.9101007497559,1410.930633152134,236.0,199.0,888.0,-2.4076295893884452e-05,1.951515330144722e-06,1.9018464995798211e-06,1.593267276763e-05,1.740263593819587e-06,1.6963955473303793e-06,9.364309570688356e-06,1.420746348183584e-06,1.3958026772277054e-06,0.999999999537733,6.18442480728012e-11,5.890597492790304e-11
904,1433.594295918167,0.0007296914118342102,904.0,164.0,long,4,4240,1410.909822972047,1410.930633152134,236.0,199.0,900.0,-2.407993216617035e-05,1.9515765728953234e-06,1.9025341283520253e-06,1.593267276763e-05,1.7490642299678678e-06,1.70602971534628e-06,9.361687001397936e-06,1.4165478104689303e-06,1.3918616001757994e-06,0.9999999995378466,6.209807055556509e-11,5.921930003834767e-11
905,1433.6151292431086,0.0007298608543351293,905.0,0.0,long,4,4240,1410.9101007497559,1410.9309109298442,236.0,199.0,900.0,-2.406976521680165e-05,1.9576657851868447e-06,1.9089392547921934e-06,1.5925102365757202e-05,1.7515216453317586e-06,1.7087294900933029e-06,9.36633515876314e-06,1.4462666354334045e-06,1.4122608192748657e-06,0.999999999538033,6.191608735421727e-11,5.901582654574447e-11
906,1433.6359625680507,0.0007300300057977438,906.0,0.0,long,4,4240,1410.9101007497559,1410.9309109298442,236.0,199.0,900.0,-2.406976521680165e-05,1.9576657851868447e-06,1.9089392547921934e-06,1.5925102365757202e-05,1.7515216453317586e-06,1.7087294900933029e-06,9.36633515876314e-06,1.4462666354334045e-06,1.4122608192748657e-06,0.999999999538033,6.191608735421727e-11,5.901582654574447e-11
907,1433.6567958929918,0.0007301987498067319,907.0,0.0,long,4,4240,1410.9101007497559,1410.9309109298442,236.0,199.0,900.0,-2.406976521680165e-05,1.9576657851868447e-06,1.9089392547921934e-06,1.5925102365757202e-05,1.7515216453317586e-06,1.7087294900933029e-06,9.36633515876314e-06,1.4462666354334045e-06,1.4122608192748657e-06,0.999999999538033,6.191608735421727e-11,5.901582654574447e-11
908,1433.6776292179325,0.0007303670863620937,908.0,0.0,long,4,4240,1410.9101007497559,1410.9309109298442,236.0,199.0,900.0,-2.406976521680165e-05,1.9576657851868447e-06,1.9089392547921934e-06,1.5925102365757202e-05,1.7515216453317586e-06,1.7087294900933029e-06,9.36633515876314e-06,1.4462666354334045e-06,1.4122608192748657e-06,0.999999999538033,6.191608735421727e-11,5.901582654574447e-11
909,1433.6984625428745,0.00073053507367149,909.0,0.0,long,4,4240,1410.9101007497559,1410.9309109298442,236.0,199.0,900.0,-2.406976521680165e-05,1.9576657851868447e-06,1.9089392547921934e-06,1.5925102365757202e-05,1.7515216453317586e-06,1.7087294900933029e-06,9.36633515876314e-06,1.4462666354334045e-06,1.4122608192748657e-06,0.999999999538033,6.191608735421727e-11,5.901582654574447e-11
910,1433.719295867816,0.0007307027117349207,910.0,0.0,long,4,4240,1410.9101007497559,1410.9309109298442,236.0,199.0,900.0,-2.406976521680165e-05,1.9576657851868447e-06,1.9089392547921934e-06,1.5925102365757202e-05,1.7515216453317586e-06,1.7087294900933029e-06,9.36633515876314e-06,1.4462666354334045e-06,1.4122608192748657e-06,0.999999999538033,6.191608735421727e-11,5.901582654574447e-11
911,1433.740129192758,0.0007308699423447251,911.0,0.0,long,4,4240,1410.9101007497559,1410.9309109298442,236.0,199.0,900.0,-2.406976521680165e-05,1.9576657851868447e-06,1.9089392547921934e-06,1.5925102365757202e-05,1.7515216453317586e-06,1.7087294900933029e-06,9.36633515876314e-06,1.4462666354334045e-06,1.4122608192748657e-06,0.999999999538033,6.191608735421727e-11,5.901582654574447e-11
912,1433.7609625177001,0.0007310367655009031,912.0,0.0,long,4,4240,1410.9101007497559,1410.9309109298442,236.0,199.0,900.0,-2.406976521680165e-05,1.9576657851868447e-06,1.9089392547921934e-06,1.5925102365757202e-05,1.7515216453317586e-06,1.7087294900933029e-06,9.36633515876314e-06,1.4462666354334045e-06,1.4122608192748657e-06,0.999999999538033,6.191608735421727e-11,5.901582654574447e-11
913,1433.7817958426417,0.0007312032394111156,913.0,0.0,long,4,4240,1410.9101007497559,1410.9309109298442,236.0,199.0,900.0,-2.406976521680165e-05,1.9576657851868447e-06,1.9089392547921934e-06,1.5925102365757202e-05,1.7515216453317586e-06,1.7087294900933029e-06,9.36633515876314e-06,1.4462666354334045e-06,1.4122608192748657e-06,0.999999999538033,6.191608735421727e-11,5.901582654574447e-11
914,1433.8026291675837,0.0007313693640753627,914.0,0.0,long,4,4240,1410.9101007497559,1410.9309109298442,236.0,199.0,900.0,-2.406976521680165e-05,1.9576657851868447e-06,1.9089392547921934e-06,1.5925102365757202e-05,1.7515216453317586e-06,1.7087294900933029e-06,9.36633515876314e-06,1.4462666354334045e-06,1.4122608192748657e-06,0.999999999538033,6.191608735421727e-11,5.901582654574447e-11
915,1433.8234624925253,0.0007315350230783224,915.0,0.0,long,4,4240,1410.9101007497559,1410.9309109298442,236.0,199.0,900.0,-2.406976521680165e-05,1.9576657851868447e-06,1.9089392547921934e-06,1.5925102365757202e-05,1.7515216453317586e-06,1.7087294900933029e-06,9.36633515876314e-06,1.4462666354334045e-06,1.4122608192748657e-06,0.999999999538033,6.191608735421727e-11,5.901582654574447e-11
916,1433.8442958174664,0.0007317003910429776,916.0,0.0,long,4,4240,1410.9101007497559,1410.9309109298442,236.0,199.0,900.0,-2.406976521680165e-05,1.9576657851868447e-06,1.9089392547921934e-06,1.5925102365757202e-05,1.7515216453317586e-06,1.7087294900933029e-06,9.36633515876314e-06,1.4462666354334045e-06,1.4122608192748657e-06,0.999999999538033,6.191608735421727e-11,5.901582654574447e-11
917,1433.8651291424076,0.0007318652933463454,917.0,0.0,long,4,4240,1410.9101007497559,1410.9309109298442,236.0,199.0,900.0,-2.406976521680165e-05,1.9576657851868447e-06,1.9089392547921934e-06,1.5925102365757202e-05,1.7515216453317586e-06,1.7087294900933029e-06,9.36633515876314e-06,1.4462666354334045e-06,1.4122608192748657e-06,0.999999999538033,6.191608735421727e-11,5.901582654574447e-11
918,1433.8859624673496,0.0007320298464037478,918.0,0.0,long,4,4240,1410.9101007497559,1410.9309109298442,236.0,199.0,900.0,-2.406976521680165e-05,1.9576657851868447e-06,1.9089392547921934e-06,1.5925102365757202e-05,1.7515216453317586e-06,1.7087294900933029e-06,9.36633515876314e-06,1.4462666354334045e-06,1.4122608192748657e-06,0.999999999538033,6.191608735421727e-11,5.901582654574447e-11
919,1433.9067957922912,0.0007321939920075238,919.0,0.0,long,4,4240,1410.9101007497559,1410.9309109298442,236.0,199.0,900.0,-2.406976521680165e-05,1.9576657851868447e-06,1.9089392547921934e-06,1.5925102365757202e-05,1.7515216453317586e-06,1.7087294900933029e-06,9.36633515876314e-06,1.4462666354334045e-06,1.4122608192748657e-06,0.999999999538033,6.191608735421727e-11,5.901582654574447e-11
920,1433.9276291172328,0.0007323577301576734,920.0,0.0,long,4,4240,1410.9101007497559,1410.9309109298442,236.0,199.0,900.0,-2.406976521680165e-05,1.9576657851868447e-06,1.9089392547921934e-06,1.5925102365757202e-05,1.7515216453317586e-06,1.7087294900933029e-06,9.36633515876314e-06,1.4462666354334045e-06,1.4122608192748657e-06,0.999999999538033,6.191608735421727e-11,5.901582654574447e-11
921,1433.9484624421748,0.0007325211190618575,921.0,0.0,long,4,4240,1410.9101007497559,1410.9309109298442,236.0,199.0,900.0,-2.406976521680165e-05,1.9576657851868447e-06,1.9089392547921934e-06,1.5925102365757202e-05,1.7515216453317586e-06,1.7087294900933029e-06,9.36633515876314e-06,1.4462666354334045e-06,1.4122608192748657e-06,0.999999999538033,6.191608735421727e-11,5.901582654574447e-11
922,1433.9692957671164,0.0007326841005124152,922.0,0.0,long,4,4240,1410.9101007497559,1410.9309109298442,236.0,199.0,900.0,-2.406976521680165e-05,1.9576657851868447e-06,1.9089392547921934e-06,1.5925102365757202e-05,1.7515216453317586e-06,1.7087294900933029e-06,9.36633515876314e-06,1.4462666354334045e-06,1.4122608192748657e-06,0.999999999538033,6.191608735421727e-11,5.901582654574447e-11
923,1433.9901290920584,0.0007328466745093465,923.0,0.0,long,4,4240,1410.9101007497559,1410.9309109298442,236.0,199.0,900.0,-2.406976521680165e-05,1.9576657851868447e-06,1.9089392547921934e-06,1.5925102365757202e-05,1.7515216453317586e-06,1.7087294900933029e-06,9.36633515876314e-06,1.4462666354334045e-06,1.4122608192748657e-06,0.999999999538033,6.191608735421727e-11,5.901582654574447e-11
924,1434.010962417,0.0007330088410526514,924.0,0.0,long,4,4240,1410.9101007497559,1410.9309109298442,236.0,199.0,900.0,-2.406976521680165e-05,1.9576657851868447e-06,1.9089392547921934e-06,1.5925102365757202e-05,1.7515216453317586e-06,1.7087294900933029e-06,9.36633515876314e-06,1.4462666354334045e-06,1.4122608192748657e-06,0.999999999538033,6.191608735421727e-11,5.901582654574447e-11
925,1434.0317957419409,0.0007331706001423299,925.0,0.0,long,4,4240,1410.9101007497559,1410.9309109298442,236.0,199.0,900.0,-2.406976521680165e-05,1.9576657851868447e-06,1.9089392547921934e-06,1.5925102365757202e-05,1.7515216453317586e-06,1.7087294900933029e-06,9.36633515876314e-06,1.4462666354334045e-06,1.4122608192748657e-06,0.999999999538033,6.191608735421727e-11,5.901582654574447e-11
926,1434.0526290668822,0.0007333319517783821,926.0,0.0,long,4,4240,1410.9101007497559,1410.9309109298442,236.0,199.0,900.0,-2.406976521680165e-05,1.9576657851868447e-06,1.9089392547921934e-06,1.5925102365757202e-05,1.7515216453317586e-06,1.7087294900933029e-06,9.36633515876314e-06,1.4462666354334045e-06,1.4122608192748657e-06,0.999999999538033,6.191608735421727e-11,5.901582654574447e-11
927,1434.073462391824,0.0007334928959608078,927.0,0.0,long,4,4240,1410.9101007497559,1410.9309109298442,236.0,199.0,900.0,-2.406976521680165e-05,1.9576657851868447e-06,1.9089392547921934e-06,1.5925102365757202e-05,1.7515216453317586e-06,1.7087294900933029e-06,9.36633515876314e-06,1.4462666354334045e-06,1.4122608192748657e-06,0.999999999538033,6.191608735421727e-11,5.901582654574447e-11
928,1434.0942957167656,0.0007336534908972681,928.0,0.0,long,4,4240,1410.9101007497559,1410.9309109298442,236.0,199.0,900.0,-2.406976521680165e-05,1.9576657851868447e-06,1.9089392547921934e-06,1.5925102365757202e-05,1.7515216453317586e-06,1.7087294900933029e-06,9.36633515876314e-06,1.4462666354334045e-06,1.4122608192748657e-06,0.999999999538033,6.191608735421727e-11,5.901582654574447e-11
929,1434.1151290417074,0.000733813620172441,929.0,0.0,long,4,4240,1410.9101007497559,1410.9309109298442,236.0,199.0,900.0,-2.406976521680165e-05,1.9576657851868447e-06,1.9089392547921934e-06,1.5925102365757202e-05,1.7515216453317586e-06,1.7087294900933029e-06,9.36633515876314e-06,1.4462666354334045e-06,1.4122608192748657e-06,0.999999999538033,6.191608735421727e-11,5.901582654574447e-11
930,1434.135962366649,0.0007339733419939876,930.0,0.0,long,4,4240,1410.9101007497559,1410.9309109298442,236.0,199.0,900.0,-2.406976521680165e-05,1.9576657851868447e-06,1.9089392547921934e-06,1.5925102365757202e-05,1.7515216453317586e-06,1.7087294900933029e-06,9.36633515876314e-06,1.4462666354334045e-06,1.4122608192748657e-06,0.999999999538033,6.191608735421727e-11,5.901582654574447e-11
931,1434.1567956915906,0.0007341326563619077,931.0,0.0,long,4,4240,1410.9101007497559,1410.9309109298442,236.0,199.0,900.0,-2.406976521680165e-05,1.9576657851868447e-06,1.9089392547921934e-06,1.5925102365757202e-05,1.7515216453317586e-06,1.7087294900933029e-06,9.36633515876314e-06,1.4462666354334045e-06,1.4122608192748657e-06,0.999999999538033,6.191608735421727e-11,5.901582654574447e-11
932,1434.1776290165326,0.0007342915632762015,932.0,0.0,long,4,4240,1410.9101007497559,1410.9309109298442,236.0,199.0,900.0,-2.406976521680165e-05,1.9576657851868447e-06,1.9089392547921934e-06,1.5925102365757202e-05,1.7515216453317586e-06,1.7087294900933029e-06,9.36633515876314e-06,1.4462666354334045e-06,1.4122608192748657e-06,0.999999999538033,6.191608735421727e-11,5.901582654574447e-11
933,1434.1984623414742,0.0007344500627368689,933.0,0.0,long,4,4240,1410.9101007497559,1410.9309109298442,236.0,199.0,900.0,-2.406976521680165e-05,1.9576657851868447e-06,1.9089392547921934e-06,1.5925102365757202e-05,1.7515216453317586e-06,1.7087294900933029e-06,9.36633515876314e-06,1.4462666354334045e-06,1.4122608192748657e-06,0.999999999538033,6.191608735421727e-11,5.901582654574447e-11
934,1434.2192956664162,0.0007346081547439098,934.0,0.0,long,4,4240,1410.9101007497559,1410.9309109298442,236.0,199.0,900.0,-2.406976521680165e-05,1.9576657851868447e-06,1.9089392547921934e-06,1.5925102365757202e-05,1.7515216453317586e-06,1.7087294900933029e-06,9.36633515876314e-06,1.4462666354334045e-06,1.4122608192748657e-06,0.999999999538033,6.191608735421727e-11,5.901582654574447e-11
935,1434.2401289913573,0.0007347657810896635,935.0,0.0,long,4,4240,1410.9101007497559,1410.9309109298442,236.0,199.0,900.0,-2.406976521680165e-05,1.9576657851868447e-06,1.9089392547921934e-06,1.5925102365757202e-05,1.7515216453317586e-06,1.7087294900933029e-06,9.36633515876314e-06,1.4462666354334045e-06,1.4122608192748657e-06,0.999999999538033,6.191608735421727e-11,5.901582654574447e-11
936,1434.260962316298,0.0007349229999817908,936.0,0.0,long,4,4240,1410.9101007497559,1410.9309109298442,236.0,199.0,900.0,-2.406976521680165e-05,1.9576657851868447e-06,1.9089392547921934e-06,1.5925102365757202e-05,1.7515216453317586e-06,1.7087294900933029e-06,9.36633515876314e-06,1.4462666354334045e-06,1.4122608192748657e-06,0.999999999538033,6.191608735421727e-11,5.901582654574447e-11
937,1434.28179564124,0.0007350798114202917,937.0,0.0,long,4,4240,1410.9101007497559,1410.9309109298442,236.0,199.0,900.0,-2.406976521680165e-05,1.9576657851868447e-06,1.9089392547921934e-06,1.5925102365757202e-05,1.7515216453317586e-06,1.7087294900933029e-06,9.36633515876314e-06,1.4462666354334045e-06,1.4122608192748657e-06,0.999999999538033,6.191608735421727e-11,5.901582654574447e-11
938,1434.3026289661818,0.0007352361571975052,938.0,0.0,long,4,4240,1410.9101007497559,1410.9309109298442,236.0,199.0,900.0,-2.406976521680165e-05,1.9576657851868447e-06,1.9089392547921934e-06,1.5925102365757202e-05,1.7515216453317586e-06,1.7087294900933029e-06,9.36633515876314e-06,1.4462666354334045e-06,1.4122608192748657e-06,0.999999999538033,6.191608735421727e-11,5.901582654574447e-11
939,1434.3234622911236,0.0007353920955210924,939.0,0.0,long,4,4240,1410.9101007497559,1410.9309109298442,236.0,199.0,900.0,-2.406976521680165e-05,1.9576657851868447e-06,1.9089392547921934e-06,1.5925102365757202e-05,1.7515216453317586e-06,1.7087294900933029e-06,9.36633515876314e-06,1.4462666354334045e-06,1.4122608192748657e-06,0.999999999538033,6.191608735421727e-11,5.901582654574447e-11
940,1434.3442956160657,0.0007355476263910532,940.0,0.0,long,4,4240,1410.9101007497559,1410.9309109298442,236.0,199.0,900.0,-2.406976521680165e-05,1.9576657851868447e-06,1.9089392547921934e-06,1.5925102365757202e-05,1.7515216453317586e-06,1.7087294900933029e-06,9.36633515876314e-06,1.4462666354334045e-06,1.4122608192748657e-06,0.999999999538033,6.191608735421727e-11,5.901582654574447e-11
941,1434.3651289410072,0.0007357026915997267,941.0,0.0,long,4,4240,1410.9101007497559,1410.9309109298442,236.0,199.0,900.0,-2.406976521680165e-05,1.9576657851868447e-06,1.9089392547921934e-06,1.5925102365757202e-05,1.7515216453317586e-06,1.7087294900933029e-06,9.36633515876314e-06,1.4462666354334045e-06,1.4122608192748657e-06,0.999999999538033,6.191608735421727e-11,5.901582654574447e-11
942,1434.3859622659493,0.0007358573493547738,942.0,0.0,long,4,4240,1410.9101007497559,1410.9309109298442,236.0,199.0,900.0,-2.406976521680165e-05,1.9576657851868447e-06,1.9089392547921934e-06,1.5925102365757202e-05,1.7515216453317586e-06,1.7087294900933029e-06,9.36633515876314e-06,1.4462666354334045e-06,1.4122608192748657e-06,0.999999999538033,6.191608735421727e-11,5.901582654574447e-11
943,1434.4067955908904,0.0007360115414485335,943.0,0.0,long,4,4240,1410.9101007497559,1410.9309109298442,236.0,199.0,900.0,-2.406976521680165e-05,1.9576657851868447e-06,1.9089392547921934e-06,1.5925102365757202e-05,1.7515216453317586e-06,1.7087294900933029e-06,9.36633515876314e-06,1.4462666354334045e-06,1.4122608192748657e-06,0.999999999538033,6.191608735421727e-11,5.901582654574447e-11
944,1434.4276289158315,0.0007361653260886669,944.0,0.0,long,4,4240,1410.9101007497559,1410.9309109298442,236.0,199.0,900.0,-2.406976521680165e-05,1.9576657851868447e-06,1.9089392547921934e-06,1.5925102365757202e-05,1.7515216453317586e-06,1.7087294900933029e-06,9.36633515876314e-06,1.4462666354334045e-06,1.4122608192748657e-06,0.999999999538033,6.191608735421727e-11,5.901582654574447e-11
945,1434.448462240773,0.000736318645067513,945.0,0.0,long,4,4240,1410.9101007497559,1410.9309109298442,236.0,199.0,900.0,-2.406976521680165e-05,1.9576657851868447e-06,1.9089392547921934e-06,1.5925102365757202e-05,1.7515216453317586e-06,1.7087294900933029e-06,9.36633515876314e-06,1.4462666354334045e-06,1.4122608192748657e-06,0.999999999538033,6.191608735421727e-11,5.901582654574447e-11
946,1434.4692955657147,0.0007364714983850718,946.0,0.0,long,4,4240,1410.9101007497559,1410.9309109298442,236.0,199.0,900.0,-2.406976521680165e-05,1.9576657851868447e-06,1.9089392547921934e-06,1.5925102365757202e-05,1.7515216453317586e-06,1.7087294900933029e-06,9.36633515876314e-06,1.4462666354334045e-06,1.4122608192748657e-06,0.999999999538033,6.191608735421727e-11,5.901582654574447e-11
947,1434.4901288906567,0.0007366239442490041,947.0,0.0,long,4,4240,1410.9101007497559,1410.9309109298442,236.0,199.0,900.0,-2.406976521680165e-05,1.9576657851868447e-06,1.9089392547921934e-06,1.5925102365757202e-05,1.7515216453317586e-06,1.7087294900933029e-06,9.36633515876314e-06,1.4462666354334045e-06,1.4122608192748657e-06,0.999999999538033,6.191608735421727e-11,5.901582654574447e-11
948,1434.5109622155987,0.0007367759244516492,948.0,0.0,long,4,4240,1410.9101007497559,1410.9309109298442,236.0,199.0,900.0,-2.406976521680165e-05,1.9576657851868447e-06,1.9089392547921934e-06,1.5925102365757202e-05,1.7515216453317586e-06,1.7087294900933029e-06,9.36633515876314e-06,1.4462666354334045e-06,1.4122608192748657e-06,0.999999999538033,6.191608735421727e-11,5.901582654574447e-11
949,1434.5317955405399,0.0007369274389930069,949.0,0.0,long,4,4240,1410.9101007497559,1410.9309109298442,236.0,199.0,900.0,-2.406976521680165e-05,1.9576657851868447e-06,1.9089392547921934e-06,1.5925102365757202e-05,1.7515216453317586e-06,1.7087294900933029e-06,9.36633515876314e-06,1.4462666354334045e-06,1.4122608192748657e-06,0.999999999538033,6.191608735421727e-11,5.901582654574447e-11
950,1434.5526288654821,0.0007370784878730774,950.0,0.0,long,4,4240,1410.9101007497559,1410.9309109298442,236.0,199.0,900.0,-2.406976521680165e-05,1.9576657851868447e-06,1.9089392547921934e-06,1.5925102365757202e-05,1.7515216453317586e-06,1.7087294900933029e-06,9.36633515876314e-06,1.4462666354334045e-06,1.4122608192748657e-06,0.999999999538033,6.191608735421727e-11,5.901582654574447e-11
951,1434.5734621904237,0.0007372291292995214,951.0,0.0,long,4,4240,1410.9101007497559,1410.9309109298442,236.0,199.0,900.0,-2.406976521680165e-05,1.9576657851868447e-06,1.9089392547921934e-06,1.5925102365757202e-05,1.7515216453317586e-06,1.7087294900933029e-06,9.36633515876314e-06,1.4462666354334045e-06,1.4122608192748657e-06,0.999999999538033,6.191608735421727e-11,5.901582654574447e-11
952,1434.594295515365,0.0007373792468570173,952.0,0.0,long,4,4240,1410.9101007497559,1410.9309109298442,236.0,199.0,900.0,-2.406976521680165e-05,1.9576657851868447e-06,1.9089392547921934e-06,1.5925102365757202e-05,1.7515216453317586e-06,1.7087294900933029e-06,9.36633515876314e-06,1.4462666354334045e-06,1.4122608192748657e-06,0.999999999538033,6.191608735421727e-11,5.901582654574447e-11
953,1434.6151288403066,0.0007375289569608867,953.0,0.0,long,4,4240,1410.9101007497559,1410.9309109298442,236.0,199.0,900.0,-2.406976521680165e-05,1.9576657851868447e-06,1.9089392547921934e-06,1.5925102365757202e-05,1.7515216453317586e-06,1.7087294900933029e-06,9.36633515876314e-06,1.4462666354334045e-06,1.4122608192748657e-06,0.999999999538033,6.191608735421727e-11,5.901582654574447e-11
954,1434.6359621652477,0.0007376782014034688,954.0,0.0,long,4,4240,1410.9101007497559,1410.9309109298442,236.0,199.0,900.0,-2.406976521680165e-05,1.9576657851868447e-06,1.9089392547921934e-06,1.5925102365757202e-05,1.7515216453317586e-06,1.7087294900933029e-06,9.36633515876314e-06,1.4462666354334045e-06,1.4122608192748657e-06,0.999999999538033,6.191608735421727e-11,5.901582654574447e-11
955,1434.6567954901889,0.0007378269219771028,955.0,0.0,long,4,4240,1410.9101007497559,1410.9309109298442,236.0,199.0,900.0,-2.406976521680165e-05,1.9576657851868447e-06,1.9089392547921934e-06,1.5925102365757202e-05,1.7515216453317586e-06,1.7087294900933029e-06,9.36633515876314e-06,1.4462666354334045e-06,1.4122608192748657e-06,0.999999999538033,6.191608735421727e-11,5.901582654574447e-11
956,1434.6776288151314,0.0007379752350971103,956.0,0.0,long,4,4240,1410.9101007497559,1410.9309109298442,236.0,199.0,900.0,-2.406976521680165e-05,1.9576657851868447e-06,1.9089392547921934e-06,1.5925102365757202e-05,1.7515216453317586e-06,1.7087294900933029e-06,9.36633515876314e-06,1.4462666354334045e-06,1.4122608192748657e-06,0.999999999538033,6.191608735421727e-11,5.901582654574447e-11
957,1434.6984621400743,0.0007381230243481696,957.0,0.0,long,4,4240,1410.9101007497559,1410.9309109298442,236.0,199.0,900.0,-2.406976521680165e-05,1.9576657851868447e-06,1.9089392547921934e-06,1.5925102365757202e-05,1.7515216453317586e-06,1.7087294900933029e-06,9.36633515876314e-06,1.4462666354334045e-06,1.4122608192748657e-06,0.999999999538033,6.191608735421727e-11,5.901582654574447e-11
958,1434.7192954650159,0.0007382704061456025,958.0,0.0,long,4,4240,1410.9101007497559,1410.9309109298442,236.0,199.0,900.0,-2.406976521680165e-05,1.9576657851868447e-06,1.9089392547921934e-06,1.5925102365757202e-05,1.7515216453317586e-06,1.7087294900933029e-06,9.36633515876314e-06,1.4462666354334045e-06,1.4122608192748657e-06,0.999999999538033,6.191608735421727e-11,5.901582654574447e-11
959,1434.740128789958,0.0007384172640740871,959.0,0.0,long,4,4240,1410.9101007497559,1410.9309109298442,236.0,199.0,900.0,-2.406976521680165e-05,1.9576657851868447e-06,1.9089392547921934e-06,1.5925102365757202e-05,1.7515216453317586e-06,1.7087294900933029e-06,9.36633515876314e-06,1.4462666354334045e-06,1.4122608192748657e-06,0.999999999538033,6.191608735421727e-11,5.901582654574447e-11
960,1434.7609621149,0.0007385635981336236,960.0,0.0,long,4,4240,1410.9101007497559,1410.9309109298442,236.0,199.0,900.0,-2.406976521680165e-05,1.9576657851868447e-06,1.9089392547921934e-06,1.5925102365757202e-05,1.7515216453317586e-06,1.7087294900933029e-06,9.36633515876314e-06,1.4462666354334045e-06,1.4122608192748657e-06,0.999999999538033,6.191608735421727e-11,5.901582654574447e-11
961,1434.7817954398413,0.0007387095247395337,961.0,0.0,long,4,4240,1410.9101007497559,1410.9309109298442,236.0,199.0,900.0,-2.406976521680165e-05,1.9576657851868447e-06,1.9089392547921934e-06,1.5925102365757202e-05,1.7515216453317586e-06,1.7087294900933029e-06,9.36633515876314e-06,1.4462666354334045e-06,1.4122608192748657e-06,0.999999999538033,6.191608735421727e-11,5.901582654574447e-11
962,1434.8026287647835,0.0007388549274764955,962.0,0.0,long,4,4240,1410.9101007497559,1410.9309109298442,236.0,199.0,900.0,-2.406976521680165e-05,1.9576657851868447e-06,1.9089392547921934e-06,1.5925102365757202e-05,1.7515216453317586e-06,1.7087294900933029e-06,9.36633515876314e-06,1.4462666354334045e-06,1.4122608192748657e-06,0.999999999538033,6.191608735421727e-11,5.901582654574447e-11
963,1434.8234620897242,0.0007389998063445091,963.0,0.0,long,4,4240,1410.9101007497559,1410.9309109298442,236.0,199.0,900.0,-2.406976521680165e-05,1.9576657851868447e-06,1.9089392547921934e-06,1.5925102365757202e-05,1.7515216453317586e-06,1.7087294900933029e-06,9.36633515876314e-06,1.4462666354334045e-06,1.4122608192748657e-06,0.999999999538033,6.191608735421727e-11,5.901582654574447e-11
964,1434.8442954146653,0.0007391442777588964,964.0,0.0,long,4,4240,1410.9101007497559,1410.9309109298442,236.0,199.0,900.0,-2.406976521680165e-05,1.9576657851868447e-06,1.9089392547921934e-06,1.5925102365757202e-05,1.7515216453317586e-06,1.7087294900933029e-06,9.36633515876314e-06,1.4462666354334045e-06,1.4122608192748657e-06,0.999999999538033,6.191608735421727e-11,5.901582654574447e-11
965,1434.865128739607,0.0007392881670966744,965.0,0.0,long,4,4240,1410.9101007497559,1410.9309109298442,236.0,199.0,900.0,-2.406976521680165e-05,1.9576657851868447e-06,1.9089392547921934e-06,1.5925102365757202e-05,1.7515216453317586e-06,1.7087294900933029e-06,9.36633515876314e-06,1.4462666354334045e-06,1.4122608192748657e-06,0.999999999538033,6.191608735421727e-11,5.901582654574447e-11
966,1434.8859620645487,0.0007394315907731652,966.0,0.0,long,4,4240,1410.9101007497559,1410.9309109298442,236.0,199.0,900.0,-2.406976521680165e-05,1.9576657851868447e-06,1.9089392547921934e-06,1.5925102365757202e-05,1.7515216453317586e-06,1.7087294900933029e-06,9.36633515876314e-06,1.4462666354334045e-06,1.4122608192748657e-06,0.999999999538033,6.191608735421727e-11,5.901582654574447e-11
967,1434.90679538949,0.0007395745487883687,967.0,0.0,long,4,4240,1410.9101007497559,1410.9309109298442,236.0,199.0,900.0,-2.406976521680165e-05,1.9576657851868447e-06,1.9089392547921934e-06,1.5925102365757202e-05,1.7515216453317586e-06,1.7087294900933029e-06,9.36633515876314e-06,1.4462666354334045e-06,1.4122608192748657e-06,0.999999999538033,6.191608735421727e-11,5.901582654574447e-11
968,1434.927628714432,0.000739716982934624,968.0,0.0,long,4,4240,1410.9101007497559,1410.9309109298442,236.0,199.0,900.0,-2.406976521680165e-05,1.9576657851868447e-06,1.9089392547921934e-06,1.5925102365757202e-05,1.7515216453317586e-06,1.7087294900933029e-06,9.36633515876314e-06,1.4462666354334045e-06,1.4122608192748657e-06,0.999999999538033,6.191608735421727e-11,5.901582654574447e-11
969,1434.9484620393737,0.000739858893211931,969.0,0.0,long,4,4240,1410.9101007497559,1410.9309109298442,236.0,199.0,900.0,-2.406976521680165e-05,1.9576657851868447e-06,1.9089392547921934e-06,1.5925102365757202e-05,1.7515216453317586e-06,1.7087294900933029e-06,9.36633515876314e-06,1.4462666354334045e-06,1.4122608192748657e-06,0.999999999538033,6.191608735421727e-11,5.901582654574447e-11
970,1434.9692953643157,0.0007400002796202898,970.0,0.0,long,4,4240,1410.9101007497559,1410.9309109298442,236.0,199.0,900.0,-2.406976521680165e-05,1.9576657851868447e-06,1.9089392547921934e-06,1.5925102365757202e-05,1.7515216453317586e-06,1.7087294900933029e-06,9.36633515876314e-06,1.4462666354334045e-06,1.4122608192748657e-06,0.999999999538033,6.191608735421727e-11,5.901582654574447e-11
971,1434.9901286892577,0.0007401411421597004,971.0,0.0,long,4,4240,1410.9101007497559,1410.9309109298442,236.0,199.0,900.0,-2.406976521680165e-05,1.9576657851868447e-06,1.9089392547921934e-06,1.5925102365757202e-05,1.7515216453317586e-06,1.7087294900933029e-06,9.36633515876314e-06,1.4462666354334045e-06,1.4122608192748657e-06,0.999999999538033,6.191608735421727e-11,5.901582654574447e-11
972,1435.0109620141984,0.0007402815390378237,972.0,0.0,long,4,4240,1410.9101007497559,1410.9309109298442,236.0,199.0,900.0,-2.406976521680165e-05,1.9576657851868447e-06,1.9089392547921934e-06,1.5925102365757202e-05,1.7515216453317586e-06,1.7087294900933029e-06,9.36633515876314e-06,1.4462666354334045e-06,1.4122608192748657e-06,0.999999999538033,6.191608735421727e-11,5.901582654574447e-11
973,1435.0317953391407,0.0007404213538393378,973.0,0.0,long,4,4240,1410.9101007497559,1410.9309109298442,236.0,199.0,900.0,-2.406976521680165e-05,1.9576657851868447e-06,1.9089392547921934e-06,1.5925102365757202e-05,1.7515216453317586e-06,1.7087294900933029e-06,9.36633515876314e-06,1.4462666354334045e-06,1.4122608192748657e-06,0.999999999538033,6.191608735421727e-11,5.901582654574447e-11
974,1435.052628664083,0.0007405607029795647,974.0,0.0,long,4,4240,1410.9101007497559,1410.9309109298442,236.0,199.0,900.0,-2.406976521680165e-05,1.9576657851868447e-06,1.9089392547921934e-06,1.5925102365757202e-05,1.7515216453317586e-06,1.7087294900933029e-06,9.36633515876314e-06,1.4462666354334045e-06,1.4122608192748657e-06,0.999999999538033,6.191608735421727e-11,5.901582654574447e-11
975,1435.073461989025,0.0007406994700431824,975.0,0.0,long,4,4240,1410.9101007497559,1410.9309109298442,236.0,199.0,900.0,-2.406976521680165e-05,1.9576657851868447e-06,1.9089392547921934e-06,1.5925102365757202e-05,1.7515216453317586e-06,1.7087294900933029e-06,9.36633515876314e-06,1.4462666354334045e-06,1.4122608192748657e-06,0.999999999538033,6.191608735421727e-11,5.901582654574447e-11
976,1435.0942953139668,0.0007408377132378519,976.0,0.0,long,4,4240,1410.9101007497559,1410.9309109298442,236.0,199.0,900.0,-2.406976521680165e-05,1.9576657851868447e-06,1.9089392547921934e-06,1.5925102365757202e-05,1.7515216453317586e-06,1.7087294900933029e-06,9.36633515876314e-06,1.4462666354334045e-06,1.4122608192748657e-06,0.999999999538033,6.191608735421727e-11,5.901582654574447e-11
977,1435.1151286389086,0.0007409754325635731,977.0,0.0,long,4,4240,1410.9101007497559,1410.9309109298442,236.0,199.0,900.0,-2.406976521680165e-05,1.9576657851868447e-06,1.9089392547921934e-06,1.5925102365757202e-05,1.7515216453317586e-06,1.7087294900933029e-06,9.36633515876314e-06,1.4462666354334045e-06,1.4122608192748657e-06,0.999999999538033,6.191608735421727e-11,5.901582654574447e-11
978,1435.1359619638501,0.0007411126280203462,978.0,0.0,long,4,4240,1410.9101007497559,1410.9309109298442,236.0,199.0,900.0,-2.406976521680165e-05,1.9576657851868447e-06,1.9089392547921934e-06,1.5925102365757202e-05,1.7515216453317586e-06,1.7087294900933029e-06,9.36633515876314e-06,1.4462666354334045e-06,1.4122608192748657e-06,0.999999999538033,6.191608735421727e-11,5.901582654574447e-11
979,1435.1567952887913,0.000741249299608171,979.0,0.0,long,4,4240,1410.9101007497559,1410.9309109298442,236.0,199.0,900.0,-2.406976521680165e-05,1.9576657851868447e-06,1.9089392547921934e-06,1.5925102365757202e-05,1.7515216453317586e-06,1.7087294900933029e-06,9.36633515876314e-06,1.4462666354334045e-06,1.4122608192748657e-06,0.999999999538033,6.191608735421727e-11,5.901582654574447e-11
980,1435.1776286137338,0.0007413853891193867,980.0,0.0,long,4,4240,1410.9101007497559,1410.9309109298442,236.0,199.0,900.0,-2.406976521680165e-05,1.9576657851868447e-06,1.9089392547921934e-06,1.5925102365757202e-05,1.7515216453317586e-06,1.7087294900933029e-06,9.36633515876314e-06,1.4462666354334045e-06,1.4122608192748657e-06,0.999999999538033,6.191608735421727e-11,5.901582654574447e-11
981,1435.1984619386753,0.0007415208965539932,981.0,0.0,long,4,4240,1410.9101007497559,1410.9309109298442,236.0,199.0,900.0,-2.406976521680165e-05,1.9576657851868447e-06,1.9089392547921934e-06,1.5925102365757202e-05,1.7515216453317586e-06,1.7087294900933029e-06,9.36633515876314e-06,1.4462666354334045e-06,1.4122608192748657e-06,0.999999999538033,6.191608735421727e-11,5.901582654574447e-11
982,1435.2192952636165,0.0007416558801196516,982.0,0.0,long,4,4240,1410.9101007497559,1410.9309109298442,236.0,199.0,900.0,-2.406976521680165e-05,1.9576657851868447e-06,1.9089392547921934e-06,1.5925102365757202e-05,1.7515216453317586e-06,1.7087294900933029e-06,9.36633515876314e-06,1.4462666354334045e-06,1.4122608192748657e-06,0.999999999538033,6.191608735421727e-11,5.901582654574447e-11
983,1435.2401285885571,0.0007417903398163617,983.0,0.0,long,4,4240,1410.9101007497559,1410.9309109298442,236.0,199.0,900.0,-2.406976521680165e-05,1.9576657851868447e-06,1.9089392547921934e-06,1.5925102365757202e-05,1.7515216453317586e-06,1.7087294900933029e-06,9.36633515876314e-06,1.4462666354334045e-06,1.4122608192748657e-06,0.999999999538033,6.191608735421727e-11,5.901582654574447e-11
984,1435.2609619134996,0.0007419242174364626,984.0,0.0,long,4,4240,1410.9101007497559,1410.9309109298442,236.0,199.0,900.0,-2.406976521680165e-05,1.9576657851868447e-06,1.9089392547921934e-06,1.5925102365757202e-05,1.7515216453317586e-06,1.7087294900933029e-06,9.36633515876314e-06,1.4462666354334045e-06,1.4122608192748657e-06,0.999999999538033,6.191608735421727e-11,5.901582654574447e-11
985,1435.2817952384412,0.0007420575129799545,985.0,0.0,long,4,4240,1410.9101007497559,1410.9309109298442,236.0,199.0,900.0,-2.406976521680165e-05,1.9576657851868447e-06,1.9089392547921934e-06,1.5925102365757202e-05,1.7515216453317586e-06,1.7087294900933029e-06,9.36633515876314e-06,1.4462666354334045e-06,1.4122608192748657e-06,0.999999999538033,6.191608735421727e-11,5.901582654574447e-11
986,1435.3026285633835,0.0007421902264468372,986.0,0.0,long,4,4240,1410.9101007497559,1410.9309109298442,236.0,199.0,900.0,-2.406976521680165e-05,1.9576657851868447e-06,1.9089392547921934e-06,1.5925102365757202e-05,1.7515216453317586e-06,1.7087294900933029e-06,9.36633515876314e-06,1.4462666354334045e-06,1.4122608192748657e-06,0.999999999538033,6.191608735421727e-11,5.901582654574447e-11
987,1435.323461888326,0.0007423224160447717,987.0,0.0,long,4,4240,1410.9101007497559,1410.9309109298442,236.0,199.0,900.0,-2.406976521680165e-05,1.9576657851868447e-06,1.9089392547921934e-06,1.5925102365757202e-05,1.7515216453317586e-06,1.7087294900933029e-06,9.36633515876314e-06,1.4462666354334045e-06,1.4122608192748657e-06,0.999999999538033,6.191608735421727e-11,5.901582654574447e-11
988,1435.3442952132673,0.000742454023566097,988.0,0.0,long,4,4240,1410.9101007497559,1410.9309109298442,236.0,199.0,900.0,-2.406976521680165e-05,1.9576657851868447e-06,1.9089392547921934e-06,1.5925102365757202e-05,1.7515216453317586e-06,1.7087294900933029e-06,9.36633515876314e-06,1.4462666354334045e-06,1.4122608192748657e-06,0.999999999538033,6.191608735421727e-11,5.901582654574447e-11
989,1435.3651285382093,0.0007425849908031523,989.0,0.0,long,4,4240,1410.9101007497559,1410.9309109298442,236.0,199.0,900.0,-2.406976521680165e-05,1.9576657851868447e-06,1.9089392547921934e-06,1.5925102365757202e-05,1.7515216453317586e-06,1.7087294900933029e-06,9.36633515876314e-06,1.4462666354334045e-06,1.4122608192748657e-06,0.999999999538033,6.191608735421727e-11,5.901582654574447e-11
990,1435.385961863151,0.0007427154341712594,990.0,0.0,long,4,4240,1410.9101007497559,1410.9309109298442,236.0,199.0,900.0,-2.406976521680165e-05,1.9576657851868447e-06,1.9089392547921934e-06,1.5925102365757202e-05,1.7515216453317586e-06,1.7087294900933029e-06,9.36633515876314e-06,1.4462666354334045e-06,1.4122608192748657e-06,0.999999999538033,6.191608735421727e-11,5.901582654574447e-11
991,1435.4067951880922,0.0007428452372550964,991.0,0.0,long,4,4240,1410.9101007497559,1410.9309109298442,236.0,199.0,900.0,-2.406976521680165e-05,1.9576657851868447e-06,1.9089392547921934e-06,1.5925102365757202e-05,1.7515216453317586e-06,1.7087294900933029e-06,9.36633515876314e-06,1.4462666354334045e-06,1.4122608192748657e-06,0.999999999538033,6.191608735421727e-11,5.901582654574447e-11
992,1435.4276285130336,0.0007429744582623243,992.0,0.0,long,4,4240,1410.9101007497559,1410.9309109298442,236.0,199.0,900.0,-2.406976521680165e-05,1.9576657851868447e-06,1.9089392547921934e-06,1.5925102365757202e-05,1.7515216453317586e-06,1.7087294900933029e-06,9.36633515876314e-06,1.4462666354334045e-06,1.4122608192748657e-06,0.999999999538033,6.191608735421727e-11,5.901582654574447e-11
993,1435.4484618379752,0.0007431030971929431,993.0,0.0,long,4,4240,1410.9101007497559,1410.9309109298442,236.0,199.0,900.0,-2.406976521680165e-05,1.9576657851868447e-06,1.9089392547921934e-06,1.5925102365757202e-05,1.7515216453317586e-06,1.7087294900933029e-06,9.36633515876314e-06,1.4462666354334045e-06,1.4122608192748657e-06,0.999999999538033,6.191608735421727e-11,5.901582654574447e-11
994,1435.469295162917,0.0007432311540469527,994.0,0.0,long,4,4240,1410.9101007497559,1410.9309109298442,236.0,199.0,900.0,-2.406976521680165e-05,1.9576657851868447e-06,1.9089392547921934e-06,1.5925102365757202e-05,1.7515216453317586e-06,1.7087294900933029e-06,9.36633515876314e-06,1.4462666354334045e-06,1.4122608192748657e-06,0.999999999538033,6.191608735421727e-11,5.901582654574447e-11
995,1435.4901284878588,0.0007433585706166923,995.0,0.0,long,4,4240,1410.9101007497559,1410.9309109298442,236.0,199.0,900.0,-2.406976521680165e-05,1.9576657851868447e-06,1.9089392547921934e-06,1.5925102365757202e-05,1.7515216453317586e-06,1.7087294900933029e-06,9.36633515876314e-06,1.4462666354334045e-06,1.4122608192748657e-06,0.999999999538033,6.191608735421727e-11,5.901582654574447e-11
996,1435.510961812801,0.0007434853469021618,996.0,0.0,long,4,4240,1410.9101007497559,1410.9309109298442,236.0,199.0,900.0,-2.406976521680165e-05,1.9576657851868447e-06,1.9089392547921934e-06,1.5925102365757202e-05,1.7515216453317586e-06,1.7087294900933029e-06,9.36633515876314e-06,1.4462666354334045e-06,1.4122608192748657e-06,0.999999999538033,6.191608735421727e-11,5.901582654574447e-11
997,1435.5317951377438,0.0007436115411110222,997.0,0.0,long,4,4240,1410.9101007497559,1410.9309109298442,236.0,199.0,900.0,-2.406976521680165e-05,1.9576657851868447e-06,1.9089392547921934e-06,1.5925102365757202e-05,1.7515216453317586e-06,1.7087294900933029e-06,9.36633515876314e-06,1.4462666354334045e-06,1.4122608192748657e-06,0.999999999538033,6.191608735421727e-11,5.901582654574447e-11
998,1435.5526284626858,0.0007437371532432735,998.0,0.0,long,4,4240,1410.9101007497559,1410.9309109298442,236.0,199.0,900.0,-2.406976521680165e-05,1.9576657851868447e-06,1.9089392547921934e-06,1.5925102365757202e-05,1.7515216453317586e-06,1.7087294900933029e-06,9.36633515876314e-06,1.4462666354334045e-06,1.4122608192748657e-06,0.999999999538033,6.191608735421727e-11,5.901582654574447e-11
999,1435.5734617876271,0.0007438620668835938,999.0,0.0,long,4,4240,1410.9101007497559,1410.9309109298442,236.0,199.0,900.0,-2.406976521680165e-05,1.9576657851868447e-06,1.9089392547921934e-06,1.5925102365757202e-05,1.7515216453317586e-06,1.7087294900933029e-06,9.36633515876314e-06,1.4462666354334045e-06,1.4122608192748657e-06,0.999999999538033,6.191608735421727e-11,5.901582654574447e-11
1000,1435.594295112568,0.000743986398447305,1000.0,0.0,long,4,4240,1410.9101007497559,1410.9309109298442,236.0,199.0,900.0,-2.406976521680165e-05,1.9576657851868447e-06,1.9089392547921934e-06,1.5925102365757202e-05,1.7515216453317586e-06,1.7087294900933029e-06,9.36633515876314e-06,1.4462666354334045e-06,1.4122608192748657e-06,0.999999999538033,6.191608735421727e-11,5.901582654574447e-11
1001,1435.6151284375092,0.0007441100897267461,1001.0,0.0,long,4,4240,1410.9101007497559,1410.9309109298442,236.0,199.0,900.0,-2.406976521680165e-05,1.9576657851868447e-06,1.9089392547921934e-06,1.5925102365757202e-05,1.7515216453317586e-06,1.7087294900933029e-06,9.36633515876314e-06,1.4462666354334045e-06,1.4122608192748657e-06,0.999999999538033,6.191608735421727e-11,5.901582654574447e-11
1002,1435.6359617624512,0.0007442331407219172,1002.0,0.0,long,4,4240,1410.9101007497559,1410.9309109298442,236.0,199.0,900.0,-2.406976521680165e-05,1.9576657851868447e-06,1.9089392547921934e-06,1.5925102365757202e-05,1.7515216453317586e-06,1.7087294900933029e-06,9.36633515876314e-06,1.4462666354334045e-06,1.4122608192748657e-06,0.999999999538033,6.191608735421727e-11,5.901582654574447e-11
1003,1435.6567950873928,0.0007443554932251573,1003.0,0.0,long,4,4240,1410.9101007497559,1410.9309109298442,236.0,199.0,900.0,-2.406976521680165e-05,1.9576657851868447e-06,1.9089392547921934e-06,1.5925102365757202e-05,1.7515216453317586e-06,1.7087294900933029e-06,9.36633515876314e-06,1.4462666354334045e-06,1.4122608192748657e-06,0.999999999538033,6.191608735421727e-11,5.901582654574447e-11
1004,1435.6776284123343,0.0007444772636517882,1004.0,0.0,long,4,4240,1410.9101007497559,1410.9309109298442,236.0,199.0,900.0,-2.406976521680165e-05,1.9576657851868447e-06,1.9089392547921934e-06,1.5925102365757202e-05,1.7515216453317586e-06,1.7087294900933029e-06,9.36633515876314e-06,1.4462666354334045e-06,1.4122608192748657e-06,0.999999999538033,6.191608735421727e-11,5.901582654574447e-11
1005,1435.6984617372768,0.0007445983355864882,1005.0,0.0,long,4,4240,1410.9101007497559,1410.9309109298442,236.0,199.0,900.0,-2.406976521680165e-05,1.9576657851868447e-06,1.9089392547921934e-06,1.5925102365757202e-05,1.7515216453317586e-06,1.7087294900933029e-06,9.36633515876314e-06,1.4462666354334045e-06,1.4122608192748657e-06,0.999999999538033,6.191608735421727e-11,5.901582654574447e-11
1006,1435.7192950622198,0.0007447187672369182,1006.0,0.0,long,4,4240,1410.9101007497559,1410.9309109298442,236.0,199.0,900.0,-2.406976521680165e-05,1.9576657851868447e-06,1.9089392547921934e-06,1.5925102365757202e-05,1.7515216453317586e-06,1.7087294900933029e-06,9.36633515876314e-06,1.4462666354334045e-06,1.4122608192748657e-06,0.999999999538033,6.191608735421727e-11,5.901582654574447e-11
1007,1435.7401283871613,0.0007448385586030781,1007.0,0.0,long,4,4240,1410.9101007497559,1410.9309109298442,236.0,199.0,900.0,-2.406976521680165e-05,1.9576657851868447e-06,1.9089392547921934e-06,1.5925102365757202e-05,1.7515216453317586e-06,1.7087294900933029e-06,9.36633515876314e-06,1.4462666354334045e-06,1.4122608192748657e-06,0.999999999538033,6.191608735421727e-11,5.901582654574447e-11
1008,1435.7609617121034,0.0007449576514773071,1008.0,0.0,long,4,4240,1410.9101007497559,1410.9309109298442,236.0,199.0,900.0,-2.406976521680165e-05,1.9576657851868447e-06,1.9089392547921934e-06,1.5925102365757202e-05,1.7515216453317586e-06,1.7087294900933029e-06,9.36633515876314e-06,1.4462666354334045e-06,1.4122608192748657e-06,0.999999999538033,6.191608735421727e-11,5.901582654574447e-11
1009,1435.781795037045,0.000745076104067266,1009.0,0.0,long,4,4240,1410.9101007497559,1410.9309109298442,236.0,199.0,900.0,-2.406976521680165e-05,1.9576657851868447e-06,1.9089392547921934e-06,1.5925102365757202e-05,1.7515216453317586e-06,1.7087294900933029e-06,9.36633515876314e-06,1.4462666354334045e-06,1.4122608192748657e-06,0.999999999538033,6.191608735421727e-11,5.901582654574447e-11
1010,1435.802628361986,0.000745193799957633,1010.0,0.0,long,4,4240,1410.9101007497559,1410.9309109298442,236.0,199.0,900.0,-2.406976521680165e-05,1.9576657851868447e-06,1.9089392547921934e-06,1.5925102365757202e-05,1.7515216453317586e-06,1.7087294900933029e-06,9.36633515876314e-06,1.4462666354334045e-06,1.4122608192748657e-06,0.999999999538033,6.191608735421727e-11,5.901582654574447e-11
1011,1435.8234616869274,0.00074531085556373,1011.0,0.0,long,4,4240,1410.9101007497559,1410.9309109298442,236.0,199.0,900.0,-2.406976521680165e-05,1.9576657851868447e-06,1.9089392547921934e-06,1.5925102365757202e-05,1.7515216453317586e-06,1.7087294900933029e-06,9.36633515876314e-06,1.4462666354334045e-06,1.4122608192748657e-06,0.999999999538033,6.191608735421727e-11,5.901582654574447e-11
1012,1435.8442950118692,0.0007454272708855569,1012.0,0.0,long,4,4240,1410.9101007497559,1410.9309109298442,236.0,199.0,900.0,-2.406976521680165e-05,1.9576657851868447e-06,1.9089392547921934e-06,1.5925102365757202e-05,1.7515216453317586e-06,1.7087294900933029e-06,9.36633515876314e-06,1.4462666354334045e-06,1.4122608192748657e-06,0.999999999538033,6.191608735421727e-11,5.901582654574447e-11
1013,1435.8651283368115,0.000745542929507792,1013.0,0.0,long,4,4240,1410.9101007497559,1410.9309109298442,236.0,199.0,900.0,-2.406976521680165e-05,1.9576657851868447e-06,1.9089392547921934e-06,1.5925102365757202e-05,1.7515216453317586e-06,1.7087294900933029e-06,9.36633515876314e-06,1.4462666354334045e-06,1.4122608192748657e-06,0.999999999538033,6.191608735421727e-11,5.901582654574447e-11
1014,1435.8859616617538,0.0007456578896380961,1014.0,0.0,long,4,4240,1410.9101007497559,1410.9309109298442,236.0,199.0,900.0,-2.406976521680165e-05,1.9576657851868447e-06,1.9089392547921934e-06,1.5925102365757202e-05,1.7515216453317586e-06,1.7087294900933029e-06,9.36633515876314e-06,1.4462666354334045e-06,1.4122608192748657e-06,0.999999999538033,6.191608735421727e-11,5.901582654574447e-11
1015,1435.9067949866958,0.0007457721512764692,1015.0,0.0,long,4,4240,1410.9101007497559,1410.9309109298442,236.0,199.0,900.0,-2.406976521680165e-05,1.9576657851868447e-06,1.9089392547921934e-06,1.5925102365757202e-05,1.7515216453317586e-06,1.7087294900933029e-06,9.36633515876314e-06,1.4462666354334045e-06,1.4122608192748657e-06,0.999999999538033,6.191608735421727e-11,5.901582654574447e-11
1016,1435.9276283116376,0.0007458857144229114,1016.0,0.0,long,4,4240,1410.9101007497559,1410.9309109298442,236.0,199.0,900.0,-2.406976521680165e-05,1.9576657851868447e-06,1.9089392547921934e-06,1.5925102365757202e-05,1.7515216453317586e-06,1.7087294900933029e-06,9.36633515876314e-06,1.4462666354334045e-06,1.4122608192748657e-06,0.999999999538033,6.191608735421727e-11,5.901582654574447e-11
1017,1435.948461636579,0.0007459985790774226,1017.0,0.0,long,4,4240,1410.9101007497559,1410.9309109298442,236.0,199.0,900.0,-2.406976521680165e-05,1.9576657851868447e-06,1.9089392547921934e-06,1.5925102365757202e-05,1.7515216453317586e-06,1.7087294900933029e-06,9.36633515876314e-06,1.4462666354334045e-06,1.4122608192748657e-06,0.999999999538033,6.191608735421727e-11,5.901582654574447e-11
1018,1435.969294961521,0.000746110687032342,1018.0,0.0,long,4,4240,1410.9101007497559,1410.9309109298442,236.0,199.0,900.0,-2.406976521680165e-05,1.9576657851868447e-06,1.9089392547921934e-06,1.5925102365757202e-05,1.7515216453317586e-06,1.7087294900933029e-06,9.36633515876314e-06,1.4462666354334045e-06,1.4122608192748657e-06,0.999999999538033,6.191608735421727e-11,5.901582654574447e-11
1019,1435.990128286462,0.0007462220964953303,1019.0,0.0,long,4,4240,1410.9101007497559,1410.9309109298442,236.0,199.0,900.0,-2.406976521680165e-05,1.9576657851868447e-06,1.9089392547921934e-06,1.5925102365757202e-05,1.7515216453317586e-06,1.7087294900933029e-06,9.36633515876314e-06,1.4462666354334045e-06,1.4122608192748657e-06,0.999999999538033,6.191608735421727e-11,5.901582654574447e-11
1020,1436.0109616114028,0.0007463327492587268,1020.0,0.0,long,4,4240,1410.9101007497559,1410.9309109298442,236.0,199.0,900.0,-2.406976521680165e-05,1.9576657851868447e-06,1.9089392547921934e-06,1.5925102365757202e-05,1.7515216453317586e-06,1.7087294900933029e-06,9.36633515876314e-06,1.4462666354334045e-06,1.4122608192748657e-06,0.999999999538033,6.191608735421727e-11,5.901582654574447e-11
1021,1436.0317949363457,0.0007464426453225315,1021.0,0.0,long,4,4240,1410.9101007497559,1410.9309109298442,236.0,199.0,900.0,-2.406976521680165e-05,1.9576657851868447e-06,1.9089392547921934e-06,1.5925102365757202e-05,1.7515216453317586e-06,1.7087294900933029e-06,9.36633515876314e-06,1.4462666354334045e-06,1.4122608192748657e-06,0.999999999538033,6.191608735421727e-11,5.901582654574447e-11
1022,1436.0526282612882,0.0007465518428944051,1022.0,0.0,long,4,4240,1410.9101007497559,1410.9309109298442,236.0,199.0,900.0,-2.406976521680165e-05,1.9576657851868447e-06,1.9089392547921934e-06,1.5925102365757202e-05,1.7515216453317586e-06,1.7087294900933029e-06,9.36633515876314e-06,1.4462666354334045e-06,1.4122608192748657e-06,0.999999999538033,6.191608735421727e-11,5.901582654574447e-11
1023,1436.0734615862302,0.0007466602837666869,1023.0,0.0,long,4,4240,1410.9101007497559,1410.9309109298442,236.0,199.0,900.0,-2.406976521680165e-05,1.9576657851868447e-06,1.9089392547921934e-06,1.5925102365757202e-05,1.7515216453317586e-06,1.7087294900933029e-06,9.36633515876314e-06,1.4462666354334045e-06,1.4122608192748657e-06,0.999999999538033,6.191608735421727e-11,5.901582654574447e-11
1024,1436.0942949111716,0.0007467679679393768,1024.0,0.0,long,4,4240,1410.9101007497559,1410.9309109298442,236.0,199.0,900.0,-2.406976521680165e-05,1.9576657851868447e-06,1.9089392547921934e-06,1.5925102365757202e-05,1.7515216453317586e-06,1.7087294900933029e-06,9.36633515876314e-06,1.4462666354334045e-06,1.4122608192748657e-06,0.999999999538033,6.191608735421727e-11,5.901582654574447e-11
1025,1436.1151282361136,0.0007468748954124749,1025.0,0.0,long,4,4240,1410.9101007497559,1410.9309109298442,236.0,199.0,900.0,-2.406976521680165e-05,1.9576657851868447e-06,1.9089392547921934e-06,1.5925102365757202e-05,1.7515216453317586e-06,1.7087294900933029e-06,9.36633515876314e-06,1.4462666354334045e-06,1.4122608192748657e-06,0.999999999538033,6.191608735421727e-11,5.901582654574447e-11
1026,1436.135961561055,0.000746981066185981,1026.0,0.0,long,4,4240,1410.9101007497559,1410.9309109298442,236.0,199.0,900.0,-2.406976521680165e-05,1.9576657851868447e-06,1.9089392547921934e-06,1.5925102365757202e-05,1.7515216453317586e-06,1.7087294900933029e-06,9.36633515876314e-06,1.4462666354334045e-06,1.4122608192748657e-06,0.999999999538033,6.191608735421727e-11,5.901582654574447e-11
1027,1436.156794885997,0.0007470864220522344,1027.0,0.0,long,4,4240,1410.9101007497559,1410.9309109298442,236.0,199.0,900.0,-2.406976521680165e-05,1.9576657851868447e-06,1.9089392547921934e-06,1.5925102365757202e-05,1.7515216453317586e-06,1.7087294900933029e-06,9.36633515876314e-06,1.4462666354334045e-06,1.4122608192748657e-06,0.999999999538033,6.191608735421727e-11,5.901582654574447e-11
1028,1436.1776282109386,0.0007471910794265568,1028.0,0.0,long,4,4240,1410.9101007497559,1410.9309109298442,236.0,199.0,900.0,-2.406976521680165e-05,1.9576657851868447e-06,1.9089392547921934e-06,1.5925102365757202e-05,1.7515216453317586e-06,1.7087294900933029e-06,9.36633515876314e-06,1.4462666354334045e-06,1.4122608192748657e-06,0.999999999538033,6.191608735421727e-11,5.901582654574447e-11
1029,1436.1984615358801,0.0007472949218936265,1029.0,0.0,long,4,4240,1410.9101007497559,1410.9309109298442,236.0,199.0,900.0,-2.406976521680165e-05,1.9576657851868447e-06,1.9089392547921934e-06,1.5925102365757202e-05,1.7515216453317586e-06,1.7087294900933029e-06,9.36633515876314e-06,1.4462666354334045e-06,1.4122608192748657e-06,0.999999999538033,6.191608735421727e-11,5.901582654574447e-11
1030,1436.2192948608222,0.0007473980076611042,1030.0,0.0,long,4,4240,1410.9101007497559,1410.9309109298442,236.0,199.0,900.0,-2.406976521680165e-05,1.9576657851868447e-06,1.9089392547921934e-06,1.5925102365757202e-05,1.7515216453317586e-06,1.7087294900933029e-06,9.36633515876314e-06,1.4462666354334045e-06,1.4122608192748657e-06,0.999999999538033,6.191608735421727e-11,5.901582654574447e-11
1031,1436.240128185764,0.0007475002785213292,1031.0,0.0,long,4,4240,1410.9101007497559,1410.9309109298442,236.0,199.0,900.0,-2.406976521680165e-05,1.9576657851868447e-06,1.9089392547921934e-06,1.5925102365757202e-05,1.7515216453317586e-06,1.7087294900933029e-06,9.36633515876314e-06,1.4462666354334045e-06,1.4122608192748657e-06,0.999999999538033,6.191608735421727e-11,5.901582654574447e-11
1032,1436.2609615107053,0.0007476017926819623,1032.0,0.0,long,4,4240,1410.9101007497559,1410.9309109298442,236.0,199.0,900.0,-2.406976521680165e-05,1.9576657851868447e-06,1.9089392547921934e-06,1.5925102365757202e-05,1.7515216453317586e-06,1.7087294900933029e-06,9.36633515876314e-06,1.4462666354334045e-06,1.4122608192748657e-06,0.999999999538033,6.191608735421727e-11,5.901582654574447e-11
1033,1436.281794835647,0.0007477024919353426,1033.0,0.0,long,4,4240,1410.9101007497559,1410.9309109298442,236.0,199.0,900.0,-2.406976521680165e-05,1.9576657851868447e-06,1.9089392547921934e-06,1.5925102365757202e-05,1.7515216453317586e-06,1.7087294900933029e-06,9.36633515876314e-06,1.4462666354334045e-06,1.4122608192748657e-06,0.999999999538033,6.191608735421727e-11,5.901582654574447e-11
1034,1436.30262816059,0.000747802434489131,1034.0,0.0,long,4,4240,1410.9101007497559,1410.9309109298442,236.0,199.0,900.0,-2.406976521680165e-05,1.9576657851868447e-06,1.9089392547921934e-06,1.5925102365757202e-05,1.7515216453317586e-06,1.7087294900933029e-06,9.36633515876314e-06,1.4462666354334045e-06,1.4122608192748657e-06,0.999999999538033,6.191608735421727e-11,5.901582654574447e-11
1035,1436.3234614855319,0.0007479015039280057,1035.0,0.0,long,4,4240,1410.9101007497559,1410.9309109298442,236.0,199.0,900.0,-2.406976521680165e-05,1.9576657851868447e-06,1.9089392547921934e-06,1.5925102365757202e-05,1.7515216453317586e-06,1.7087294900933029e-06,9.36633515876314e-06,1.4462666354334045e-06,1.4122608192748657e-06,0.999999999538033,6.191608735421727e-11,5.901582654574447e-11
1036,1436.3442948104741,0.0007479998748749495,1036.0,0.0,long,4,4240,1410.9101007497559,1410.9309109298442,236.0,199.0,900.0,-2.406976521680165e-05,1.9576657851868447e-06,1.9089392547921934e-06,1.5925102365757202e-05,1.7515216453317586e-06,1.7087294900933029e-06,9.36633515876314e-06,1.4462666354334045e-06,1.4122608192748657e-06,0.999999999538033,6.191608735421727e-11,5.901582654574447e-11
1037,1436.3651281354164,0.0007480973727069795,1037.0,0.0,long,4,4240,1410.9101007497559,1410.9309109298442,236.0,199.0,900.0,-2.406976521680165e-05,1.9576657851868447e-06,1.9089392547921934e-06,1.5925102365757202e-05,1.7515216453317586e-06,1.7087294900933029e-06,9.36633515876314e-06,1.4462666354334045e-06,1.4122608192748657e-06,0.999999999538033,6.191608735421727e-11,5.901582654574447e-11
1038,1436.385961460357,0.0007481940556317568,1038.0,0.0,long,4,4240,1410.9101007497559,1410.9309109298442,236.0,199.0,900.0,-2.406976521680165e-05,1.9576657851868447e-06,1.9089392547921934e-06,1.5925102365757202e-05,1.7515216453317586e-06,1.7087294900933029e-06,9.36633515876314e-06,1.4462666354334045e-06,1.4122608192748657e-06,0.999999999538033,6.191608735421727e-11,5.901582654574447e-11
1039,1436.4067947852982,0.0007482899818569422,1039.0,0.0,long,4,4240,1410.9101007497559,1410.9309109298442,236.0,199.0,900.0,-2.406976521680165e-05,1.9576657851868447e-06,1.9089392547921934e-06,1.5925102365757202e-05,1.7515216453317586e-06,1.7087294900933029e-06,9.36633515876314e-06,1.4462666354334045e-06,1.4122608192748657e-06,0.999999999538033,6.191608735421727e-11,5.901582654574447e-11
1040,1436.4276281102402,0.0007483850931748748,1040.0,0.0,long,4,4240,1410.9101007497559,1410.9309109298442,236.0,199.0,900.0,-2.406976521680165e-05,1.9576657851868447e-06,1.9089392547921934e-06,1.5925102365757202e-05,1.7515216453317586e-06,1.7087294900933029e-06,9.36633515876314e-06,1.4462666354334045e-06,1.4122608192748657e-06,0.999999999538033,6.191608735421727e-11,5.901582654574447e-11
1041,1436.4484614351827,0.0007484793313778937,1041.0,0.0,long,4,4240,1410.9101007497559,1410.9309109298442,236.0,199.0,900.0,-2.406976521680165e-05,1.9576657851868447e-06,1.9089392547921934e-06,1.5925102365757202e-05,1.7515216453317586e-06,1.7087294900933029e-06,9.36633515876314e-06,1.4462666354334045e-06,1.4122608192748657e-06,0.999999999538033,6.191608735421727e-11,5.901582654574447e-11
1042,1436.4692947601252,0.0007485728128813207,1042.0,0.0,long,4,4240,1410.9101007497559,1410.9309109298442,236.0,199.0,900.0,-2.406976521680165e-05,1.9576657851868447e-06,1.9089392547921934e-06,1.5925102365757202e-05,1.7515216453317586e-06,1.7087294900933029e-06,9.36633515876314e-06,1.4462666354334045e-06,1.4122608192748657e-06,0.999999999538033,6.191608735421727e-11,5.901582654574447e-11
1043,1436.4901280850663,0.0007486655376851559,1043.0,0.0,long,4,4240,1410.9101007497559,1410.9309109298442,236.0,199.0,900.0,-2.406976521680165e-05,1.9576657851868447e-06,1.9089392547921934e-06,1.5925102365757202e-05,1.7515216453317586e-06,1.7087294900933029e-06,9.36633515876314e-06,1.4462666354334045e-06,1.4122608192748657e-06,0.999999999538033,6.191608735421727e-11,5.901582654574447e-11
1044,1436.5109614100088,0.0007487573893740773,1044.0,0.0,long,4,4240,1410.9101007497559,1410.9309109298442,236.0,199.0,900.0,-2.406976521680165e-05,1.9576657851868447e-06,1.9089392547921934e-06,1.5925102365757202e-05,1.7515216453317586e-06,1.7087294900933029e-06,9.36633515876314e-06,1.4462666354334045e-06,1.4122608192748657e-06,0.999999999538033,6.191608735421727e-11,5.901582654574447e-11
1045,1436.53179473495,0.000748848426155746,1045.0,0.0,long,4,4240,1410.9101007497559,1410.9309109298442,236.0,199.0,900.0,-2.406976521680165e-05,1.9576657851868447e-06,1.9089392547921934e-06,1.5925102365757202e-05,1.7515216453317586e-06,1.7087294900933029e-06,9.36633515876314e-06,1.4462666354334045e-06,1.4122608192748657e-06,0.999999999538033,6.191608735421727e-11,5.901582654574447e-11
1046,1436.5526280598929,0.0007489387062378228,1046.0,0.0,long,4,4240,1410.9101007497559,1410.9309109298442,236.0,199.0,900.0,-2.406976521680165e-05,1.9576657851868447e-06,1.9089392547921934e-06,1.5925102365757202e-05,1.7515216453317586e-06,1.7087294900933029e-06,9.36633515876314e-06,1.4462666354334045e-06,1.4122608192748657e-06,0.999999999538033,6.191608735421727e-11,5.901582654574447e-11
1047,1436.5734613848344,0.0007490281714126468,1047.0,164.0,long,4,4240,1410.9101007497559,1410.93077204099,236.0,199.0,894.0,-2.406976521680165e-05,1.961275810347108e-06,1.9123596751292124e-06,1.5925102365757202e-05,1.7509292063552601e-06,1.7078628597507234e-06,9.36633515876314e-06,1.443796952855811e-06,1.409455943022251e-06,0.999999999538033,6.199281816762215e-11,5.907472175347509e-11
1048,1436.5942947097753,0.000749116821680218,1048.0,164.0,long,4,4240,1410.9099618609016,1410.93077204099,236.0,199.0,900.0,-2.40640096261567e-05,1.957674289079848e-06,1.909026582608976e-06,1.5919916193223652e-05,1.7503056526176892e-06,1.707619921686014e-06,9.36633515876314e-06,1.4411415555385627e-06,1.4069537245412973e-06,0.999999999538304,6.19313179898938e-11,5.902380374557016e-11
1049,1436.6151280347171,0.0007492047152481973,1049.0,0.0,long,4,4240,1410.9101007497559,1410.9309109298442,236.0,199.0,900.0,-2.406976521680165e-05,1.9576657851868447e-06,1.9089392547921934e-06,1.5925102365757202e-05,1.7515216453317586e-06,1.7087294900933029e-06,9.36633515876314e-06,1.4462666354334045e-06,1.4122608192748657e-06,0.999999999538033,6.191608735421727e-11,5.901582654574447e-11
1050,1436.6359613596587,0.0007492918521165848,1050.0,0.0,long,4,4240,1410.9101007497559,1410.9309109298442,236.0,199.0,900.0,-2.406976521680165e-05,1.9576657851868447e-06,1.9089392547921934e-06,1.5925102365757202e-05,1.7515216453317586e-06,1.7087294900933029e-06,9.36633515876314e-06,1.4462666354334045e-06,1.4122608192748657e-06,0.999999999538033,6.191608735421727e-11,5.901582654574447e-11
1051,1436.6567946846008,0.0007493781740777194,1051.0,0.0,long,4,4240,1410.9101007497559,1410.9309109298442,236.0,199.0,900.0,-2.406976521680165e-05,1.9576657851868447e-06,1.9089392547921934e-06,1.5925102365757202e-05,1.7515216453317586e-06,1.7087294900933029e-06,9.36633515876314e-06,1.4462666354334045e-06,1.4122608192748657e-06,0.999999999538033,6.191608735421727e-11,5.901582654574447e-11
1052,1436.6776280095435,0.0007494637975469232,1052.0,0.0,long,4,4240,1410.9101007497559,1410.9309109298442,236.0,199.0,900.0,-2.406976521680165e-05,1.9576657851868447e-06,1.9089392547921934e-06,1.5925102365757202e-05,1.7515216453317586e-06,1.7087294900933029e-06,9.36633515876314e-06,1.4462666354334045e-06,1.4122608192748657e-06,0.999999999538033,6.191608735421727e-11,5.901582654574447e-11
1053,1436.6984613344857,0.0007495486061088741,1053.0,0.0,long,4,4240,1410.9101007497559,1410.9309109298442,236.0,199.0,900.0,-2.406976521680165e-05,1.9576657851868447e-06,1.9089392547921934e-06,1.5925102365757202e-05,1.7515216453317586e-06,1.7087294900933029e-06,9.36633515876314e-06,1.4462666354334045e-06,1.4122608192748657e-06,0.999999999538033,6.191608735421727e-11,5.901582654574447e-11
1054,1436.7192946594278,0.000749632716178894,1054.0,0.0,long,4,4240,1410.9101007497559,1410.9309109298442,236.0,199.0,900.0,-2.406976521680165e-05,1.9576657851868447e-06,1.9089392547921934e-06,1.5925102365757202e-05,1.7515216453317586e-06,1.7087294900933029e-06,9.36633515876314e-06,1.4462666354334045e-06,1.4122608192748657e-06,0.999999999538033,6.191608735421727e-11,5.901582654574447e-11
1055,1436.7401279843693,0.000749716127756983,1055.0,0.0,long,4,4240,1410.9101007497559,1410.9309109298442,236.0,199.0,900.0,-2.406976521680165e-05,1.9576657851868447e-06,1.9089392547921934e-06,1.5925102365757202e-05,1.7515216453317586e-06,1.7087294900933029e-06,9.36633515876314e-06,1.4462666354334045e-06,1.4122608192748657e-06,0.999999999538033,6.191608735421727e-11,5.901582654574447e-11
1056,1436.7609613093105,0.0007497987826354802,1056.0,0.0,long,4,4240,1410.9101007497559,1410.9309109298442,236.0,199.0,900.0,-2.406976521680165e-05,1.9576657851868447e-06,1.9089392547921934e-06,1.5925102365757202e-05,1.7515216453317586e-06,1.7087294900933029e-06,9.36633515876314e-06,1.4462666354334045e-06,1.4122608192748657e-06,0.999999999538033,6.191608735421727e-11,5.901582654574447e-11
1057,1436.7817946342523,0.0007498807972297072,1057.0,0.0,long,4,4240,1410.9101007497559,1410.9309109298442,236.0,199.0,900.0,-2.406976521680165e-05,1.9576657851868447e-06,1.9089392547921934e-06,1.5925102365757202e-05,1.7515216453317586e-06,1.7087294900933029e-06,9.36633515876314e-06,1.4462666354334045e-06,1.4122608192748657e-06,0.999999999538033,6.191608735421727e-11,5.901582654574447e-11
1058,1436.8026279591945,0.0007499621715396643,1058.0,0.0,long,4,4240,1410.9101007497559,1410.9309109298442,236.0,199.0,900.0,-2.406976521680165e-05,1.9576657851868447e-06,1.9089392547921934e-06,1.5925102365757202e-05,1.7515216453317586e-06,1.7087294900933029e-06,9.36633515876314e-06,1.4462666354334045e-06,1.4122608192748657e-06,0.999999999538033,6.191608735421727e-11,5.901582654574447e-11
1059,1436.8234612841366,0.0007500428473576903,1059.0,0.0,long,4,4240,0.0,0.0,0.0,0.0,0.0,0.0,0.0,0.0,0.0,0.0,0.0,0.0,0.0,0.0,0.0,0.0,0.0
